1	2	2
1	6	1
1	9	5
1	15	10
1	16	20
1	22	16
1	23	17
1	24	3
1	29	1
1	33	18
1	34	7
1	37	10
1	41	17
1	44	10
1	47	9
1	48	13
2	1	10
2	3	18
2	10	9
2	11	2
2	14	7
2	16	1
2	18	18
2	19	17
2	30	11
2	31	19
2	37	18
2	46	6
3	2	10
3	4	8
3	8	13
3	9	20
3	10	4
3	13	19
3	17	19
3	18	15
3	19	17
3	21	14
3	24	6
3	25	9
3	26	16
3	28	14
3	29	10
3	33	9
3	46	5
4	1	4
4	3	16
4	5	34
4	8	17
4	9	2
4	11	13
4	19	13
4	23	14
4	24	1
4	30	10
4	31	16
4	32	5
4	35	13
4	42	9
4	49	7
5	1	16
5	4	17
5	6	7
5	7	18
5	9	9
5	10	12
5	12	12
5	13	19
5	17	15
5	19	18
5	32	15
5	45	15
5	47	5
5	48	7
5	49	1
6	4	7
6	5	1
6	7	5
6	8	16
6	10	13
6	12	9
6	14	19
6	24	20
6	27	1
6	29	1
6	30	16
6	37	16
6	39	16
6	41	14
6	44	9
6	46	14
7	1	7
7	6	6
7	8	1
7	11	15
7	13	15
7	22	11
7	24	9
7	26	9
7	31	11
7	34	20
7	35	9
7	40	8
7	43	18
7	45	4
7	50	8
8	3	7
8	4	10
8	7	32
8	9	19
8	10	16
8	22	10
8	27	17
8	28	3
8	29	8
8	34	4
8	39	11
8	42	14
8	44	15
8	45	1
9	1	14
9	2	6
9	4	12
9	7	7
9	8	16
9	10	4
9	20	3
9	21	9
9	25	2
9	34	9
9	36	8
9	38	9
9	39	4
9	50	7
10	3	3
10	5	4
10	6	1
10	9	5
10	11	22
10	12	8
10	13	18
10	18	16
10	19	11
10	20	9
10	25	9
10	27	2
10	29	8
10	30	3
10	37	17
10	38	10
10	40	6
10	45	9
10	48	8
10	50	3
11	4	5
11	10	17
11	12	7
11	30	9
11	32	17
11	39	12
11	40	14
11	42	11
11	46	7
11	48	4
11	50	18
12	1	16
12	8	7
12	11	19
12	13	2
12	19	12
12	22	2
12	26	4
12	27	7
12	35	18
12	40	20
12	43	4
12	49	3
12	50	6
13	1	11
13	2	19
13	7	10
13	12	11
13	14	20
13	17	10
13	21	4
13	29	17
13	31	17
13	41	13
13	43	16
13	44	18
13	46	4
14	1	1
14	2	18
14	13	13
14	15	18
14	20	6
14	24	11
14	26	14
14	28	1
14	34	12
14	39	17
14	40	14
14	49	20
15	4	16
15	7	6
15	8	9
15	10	2
15	11	17
15	14	7
15	16	7
15	17	12
15	19	12
15	26	10
15	30	18
15	32	19
15	37	16
15	40	4
15	41	6
15	43	18
15	46	9
16	5	18
16	6	5
16	7	16
16	11	10
16	13	7
16	14	6
16	15	10
16	17	38
16	19	6
16	22	3
16	23	19
16	24	4
16	27	11
16	28	15
16	31	4
16	35	3
16	36	20
16	37	1
16	47	14
17	2	8
17	3	3
17	8	14
17	9	15
17	10	4
17	11	5
17	16	34
17	18	12
17	32	17
17	39	6
17	44	11
18	3	2
18	10	5
18	14	20
18	15	13
18	17	12
18	19	1
18	22	19
18	24	11
18	28	13
18	33	9
18	37	18
18	45	12
18	50	14
19	2	1
19	4	9
19	6	4
19	11	20
19	12	6
19	14	19
19	18	19
19	20	15
19	32	11
19	39	10
19	43	14
19	45	16
19	46	15
19	49	1
19	50	15
20	7	13
20	11	4
20	12	17
20	14	10
20	15	2
20	17	1
20	19	2
20	21	10
20	24	6
20	25	13
20	31	10
20	34	14
20	35	19
20	39	4
20	41	9
20	43	16
20	45	2
21	5	19
21	13	16
21	19	4
21	20	9
21	22	18
21	25	16
21	31	15
21	32	6
21	34	16
21	41	12
21	44	9
21	47	20
21	49	15
22	4	2
22	13	18
22	17	11
22	18	10
22	21	20
22	23	12
22	24	16
22	28	5
22	32	1
22	34	9
22	36	7
22	37	10
22	44	3
22	46	3
23	6	3
23	8	9
23	9	11
23	10	4
23	14	18
23	15	17
23	16	11
23	17	6
23	22	6
23	24	14
23	27	14
23	31	7
23	34	7
23	39	1
23	41	5
23	42	13
23	47	6
23	48	7
24	5	4
24	12	14
24	19	5
24	23	22
24	25	15
24	26	9
24	28	5
24	30	11
25	1	20
25	4	2
25	9	18
25	10	7
25	12	2
25	14	12
25	15	16
25	16	12
25	17	11
25	18	18
25	21	14
25	24	9
25	26	1
25	28	1
25	29	6
25	32	5
25	33	20
25	39	8
25	40	1
25	41	5
25	43	4
25	44	2
25	46	20
25	50	2
26	4	5
26	9	19
26	10	1
26	11	4
26	24	14
26	25	8
26	27	20
26	31	2
26	38	9
26	40	8
27	8	6
27	10	15
27	12	14
27	16	13
27	19	19
27	23	1
27	25	1
27	26	3
27	28	19
27	31	17
27	39	1
27	40	19
27	43	16
27	45	18
28	7	16
28	13	1
28	16	11
28	17	17
28	21	15
28	23	19
28	27	19
28	29	16
28	30	17
28	32	19
28	33	11
28	44	7
29	2	6
29	4	5
29	7	15
29	22	20
29	25	9
29	28	16
29	30	12
29	32	20
29	33	17
29	40	15
29	48	7
29	50	14
30	4	6
30	6	11
30	7	1
30	9	9
30	17	6
30	19	2
30	21	6
30	27	3
30	29	18
30	31	10
30	37	7
30	39	13
30	40	4
30	44	15
31	8	3
31	16	11
31	17	15
31	19	12
31	21	10
31	23	4
31	27	7
31	29	5
31	30	16
31	32	1
31	34	8
31	40	17
32	5	9
32	14	7
32	18	12
32	31	19
32	33	19
32	37	3
32	38	9
32	41	16
32	50	5
33	3	14
33	4	10
33	8	17
33	9	16
33	12	2
33	13	1
33	14	18
33	19	10
33	23	16
33	27	4
33	29	19
33	32	9
33	34	9
33	36	16
33	43	5
33	44	13
33	46	1
34	5	14
34	11	9
34	21	12
34	22	10
34	27	12
34	33	32
34	35	15
34	37	8
34	39	15
34	46	9
34	47	20
35	2	11
35	7	20
35	18	2
35	19	6
35	23	19
35	25	7
35	27	6
35	31	17
35	34	15
35	36	20
35	39	6
35	40	13
35	49	13
36	3	9
36	4	17
36	10	11
36	15	16
36	16	16
36	21	8
36	29	3
36	33	13
36	35	20
36	37	38
37	1	4
37	3	12
37	10	2
37	13	13
37	17	15
37	18	14
37	21	13
37	28	8
37	30	20
37	32	15
37	33	15
37	36	3
37	38	28
37	40	11
37	42	11
37	46	8
38	10	6
38	12	16
38	19	18
38	29	18
38	33	19
38	35	4
38	36	20
38	37	18
38	39	18
38	41	9
38	50	8
39	4	5
39	6	3
39	11	2
39	13	4
39	14	16
39	21	17
39	23	3
39	26	10
39	32	18
39	38	6
39	40	28
39	45	12
39	48	16
40	1	16
40	7	7
40	15	6
40	28	11
40	36	2
40	37	9
40	39	5
40	41	9
40	45	13
40	47	11
40	48	10
40	49	17
41	2	6
41	5	17
41	9	17
41	10	11
41	12	3
41	24	8
41	25	18
41	26	2
41	30	18
41	34	12
41	39	4
41	40	38
41	42	20
41	45	13
42	1	8
42	3	16
42	5	19
42	9	8
42	11	13
42	13	17
42	19	20
42	22	20
42	24	18
42	26	7
42	29	18
42	33	9
42	36	12
42	40	3
42	41	12
42	43	12
42	47	11
42	49	12
43	2	6
43	3	3
43	4	2
43	5	14
43	8	3
43	11	13
43	16	20
43	19	19
43	23	12
43	24	6
43	25	13
43	27	2
43	28	5
43	29	6
43	41	19
43	42	18
43	44	2
43	46	19
43	49	17
44	7	8
44	8	10
44	9	6
44	12	17
44	13	8
44	16	16
44	21	11
44	24	10
44	32	19
44	35	14
44	41	2
44	43	19
44	45	15
44	47	18
45	9	6
45	14	5
45	19	19
45	21	12
45	24	9
45	37	18
45	42	9
45	43	1
45	44	3
45	46	38
46	5	19
46	8	20
46	14	14
46	16	10
46	17	17
46	19	16
46	26	20
46	34	6
46	36	9
46	37	11
46	38	7
46	39	3
46	40	15
46	43	13
46	45	10
46	47	10
46	50	10
47	5	9
47	6	14
47	7	1
47	8	15
47	11	5
47	17	11
47	19	11
47	20	20
47	22	2
47	26	4
47	43	5
47	46	5
47	48	6
48	1	4
48	3	7
48	6	1
48	18	10
48	19	8
48	21	15
48	22	11
48	28	8
48	39	3
48	40	13
48	42	14
48	44	20
48	45	20
48	46	16
48	47	13
48	49	20
49	1	5
49	5	1
49	12	11
49	22	14
49	24	20
49	26	13
49	27	12
49	31	3
49	47	16
49	48	12
49	50	8
50	3	10
50	6	18
50	8	4
50	14	20
50	22	4
50	23	4
50	27	11
50	30	10
50	42	20
50	44	11
50	45	18
50	46	14
50	48	16
50	49	19
