1	2	17
1	6	14
1	9	2
1	13	19
1	14	3
1	16	8
1	18	7
1	23	19
1	25	1
1	26	17
1	33	7
1	34	7
1	36	2
1	46	20
1	52	17
1	55	10
1	58	19
1	61	13
1	65	3
1	66	15
1	67	12
1	79	13
1	80	15
1	81	14
1	89	19
1	90	19
1	92	19
1	94	19
1	95	11
1	96	12
1	97	10
1	105	19
1	110	11
1	111	17
1	117	8
1	122	18
1	123	2
1	130	20
1	135	1
1	136	10
1	137	7
1	145	16
1	149	7
1	161	19
1	163	13
1	181	17
1	186	14
1	189	12
1	191	16
2	1	9
2	3	20
2	8	4
2	16	18
2	27	14
2	29	17
2	31	2
2	32	12
2	37	4
2	38	10
2	45	8
2	53	10
2	54	7
2	61	18
2	63	1
2	64	18
2	80	14
2	82	17
2	90	11
2	94	9
2	98	2
2	100	12
2	106	12
2	117	14
2	132	11
2	135	18
2	137	10
2	139	17
2	141	15
2	146	7
2	153	6
2	157	12
2	170	8
2	175	2
2	176	2
2	177	17
2	179	7
2	180	18
2	194	17
3	1	17
3	2	8
3	4	17
3	5	4
3	8	7
3	11	19
3	13	11
3	19	7
3	23	3
3	29	3
3	31	13
3	34	11
3	38	5
3	41	2
3	42	4
3	45	15
3	53	18
3	54	8
3	56	16
3	57	1
3	58	9
3	59	13
3	63	8
3	64	4
3	75	9
3	78	9
3	84	19
3	89	11
3	90	14
3	91	13
3	93	5
3	94	9
3	96	5
3	105	7
3	106	4
3	107	18
3	108	13
3	110	3
3	114	4
3	117	12
3	129	19
3	132	5
3	135	20
3	142	7
3	148	15
3	149	8
3	155	14
3	158	20
3	159	1
3	161	7
3	164	14
3	166	1
3	167	18
3	169	10
3	175	17
3	179	11
3	183	19
3	184	9
3	185	19
3	186	8
3	188	16
3	189	7
3	195	9
3	198	19
3	199	19
4	3	17
4	5	10
4	9	8
4	10	13
4	20	3
4	24	19
4	29	2
4	36	1
4	37	9
4	38	4
4	42	18
4	45	20
4	50	2
4	53	15
4	55	4
4	60	7
4	62	18
4	66	5
4	67	18
4	70	15
4	73	1
4	79	1
4	81	15
4	89	19
4	97	14
4	98	15
4	100	20
4	102	10
4	104	16
4	109	9
4	110	17
4	117	7
4	121	2
4	122	9
4	128	2
4	130	15
4	133	8
4	136	13
4	140	7
4	142	9
4	146	19
4	149	19
4	155	11
4	161	5
4	163	6
4	164	16
4	165	20
4	175	20
4	180	11
4	181	2
4	182	6
4	183	13
4	192	18
4	193	14
4	195	7
5	1	16
5	4	7
5	6	20
5	9	12
5	11	2
5	12	20
5	14	9
5	15	20
5	16	14
5	19	20
5	20	3
5	23	1
5	27	16
5	33	18
5	35	9
5	41	20
5	43	8
5	50	7
5	54	14
5	56	9
5	74	5
5	86	1
5	90	2
5	94	8
5	99	14
5	100	16
5	101	18
5	102	4
5	114	17
5	119	12
5	122	11
5	126	16
5	128	5
5	129	18
5	131	11
5	132	6
5	137	15
5	144	11
5	145	4
5	146	13
5	147	1
5	149	3
5	152	3
5	153	7
5	157	1
5	160	4
5	165	14
5	166	11
5	172	19
5	179	12
5	184	7
5	188	13
5	191	2
5	195	9
5	196	6
5	200	18
6	5	14
6	7	2
6	8	16
6	10	9
6	14	16
6	22	11
6	29	3
6	30	14
6	33	16
6	43	17
6	44	15
6	47	9
6	52	2
6	61	1
6	65	3
6	71	20
6	79	17
6	83	16
6	90	20
6	91	19
6	95	5
6	100	7
6	103	7
6	104	10
6	105	13
6	108	17
6	114	7
6	118	11
6	121	19
6	122	12
6	124	14
6	132	19
6	133	10
6	138	11
6	140	12
6	145	10
6	147	9
6	150	2
6	152	18
6	158	10
6	165	11
6	166	5
6	167	8
6	168	7
6	172	5
6	175	13
6	181	9
6	184	11
6	189	20
6	193	6
7	1	11
7	6	19
7	8	19
7	14	7
7	24	9
7	25	9
7	27	20
7	30	11
7	33	12
7	36	19
7	41	10
7	43	2
7	46	2
7	48	17
7	49	15
7	51	16
7	54	3
7	55	8
7	58	15
7	60	19
7	64	15
7	67	9
7	73	15
7	75	4
7	78	9
7	92	9
7	97	18
7	98	14
7	99	10
7	102	7
7	105	11
7	109	20
7	110	9
7	116	20
7	117	19
7	129	12
7	133	5
7	142	7
7	144	5
7	148	16
7	152	11
7	155	7
7	156	5
7	162	16
7	173	5
7	174	9
7	178	17
7	179	11
7	189	4
7	197	5
8	1	4
8	3	4
8	5	7
8	6	20
8	7	8
8	9	11
8	22	16
8	23	7
8	26	2
8	28	2
8	29	6
8	33	4
8	38	12
8	44	6
8	49	7
8	50	2
8	53	10
8	54	4
8	57	18
8	68	10
8	71	16
8	74	2
8	78	8
8	81	17
8	84	13
8	87	10
8	89	5
8	91	7
8	94	20
8	95	3
8	97	15
8	99	17
8	102	13
8	104	13
8	105	16
8	116	1
8	118	13
8	121	8
8	123	5
8	128	8
8	129	20
8	131	11
8	135	2
8	150	15
8	152	1
8	157	10
8	162	6
8	175	1
8	176	11
8	179	13
8	192	12
8	194	15
8	196	12
8	199	4
9	1	12
9	3	17
9	8	18
9	10	17
9	20	18
9	23	19
9	26	17
9	27	19
9	31	6
9	33	19
9	37	4
9	38	12
9	45	15
9	48	8
9	54	5
9	60	18
9	64	2
9	65	14
9	68	13
9	73	18
9	78	8
9	80	9
9	81	9
9	85	19
9	92	14
9	95	6
9	100	15
9	101	5
9	103	18
9	113	5
9	121	20
9	134	19
9	141	1
9	143	12
9	146	10
9	153	12
9	154	12
9	156	14
9	159	14
9	166	16
9	179	16
9	180	11
9	184	9
9	187	19
9	188	15
9	190	13
10	2	1
10	9	3
10	11	1
10	12	4
10	15	2
10	19	19
10	30	5
10	31	7
10	34	5
10	35	8
10	43	7
10	46	17
10	48	4
10	49	7
10	51	8
10	59	13
10	60	15
10	61	18
10	62	14
10	67	15
10	68	1
10	69	18
10	75	6
10	80	17
10	81	13
10	83	16
10	101	10
10	106	12
10	108	10
10	109	16
10	111	4
10	121	14
10	123	19
10	124	6
10	125	8
10	127	14
10	129	20
10	134	19
10	138	19
10	140	19
10	141	1
10	142	19
10	152	10
10	159	6
10	170	14
10	177	13
10	178	19
10	179	3
10	191	10
10	196	17
10	199	1
10	200	19
11	1	18
11	7	17
11	10	26
11	12	12
11	15	18
11	18	14
11	19	20
11	28	5
11	29	4
11	34	20
11	38	5
11	40	15
11	42	7
11	48	3
11	55	13
11	62	16
11	66	2
11	67	18
11	68	11
11	69	3
11	76	6
11	80	11
11	81	13
11	85	15
11	87	16
11	90	3
11	96	15
11	99	3
11	104	3
11	106	6
11	107	16
11	108	20
11	110	9
11	112	20
11	113	4
11	117	20
11	121	17
11	128	15
11	129	19
11	131	1
11	132	5
11	136	20
11	138	16
11	146	9
11	151	6
11	168	8
11	170	3
11	171	14
11	175	15
11	190	17
11	193	3
12	7	6
12	9	12
12	10	6
12	11	19
12	13	18
12	21	11
12	24	4
12	30	16
12	33	17
12	37	9
12	47	11
12	48	2
12	49	17
12	52	16
12	58	9
12	61	20
12	70	8
12	71	6
12	72	4
12	75	10
12	76	17
12	80	12
12	86	12
12	90	16
12	93	11
12	95	8
12	96	17
12	97	9
12	102	20
12	106	3
12	109	15
12	110	9
12	112	17
12	119	2
12	121	10
12	122	3
12	130	3
12	141	4
12	143	1
12	144	9
12	152	17
12	153	10
12	159	12
12	166	8
12	170	1
12	172	1
12	177	5
12	181	16
12	186	4
12	188	14
12	196	8
12	199	11
13	1	18
13	3	6
13	4	16
13	12	14
13	14	1
13	15	1
13	24	3
13	25	18
13	29	10
13	30	14
13	32	14
13	40	13
13	42	2
13	46	16
13	47	20
13	49	1
13	51	14
13	55	13
13	57	10
13	61	3
13	62	11
13	66	20
13	67	14
13	69	9
13	71	14
13	75	6
13	78	1
13	88	7
13	89	13
13	100	5
13	101	19
13	102	13
13	109	14
13	111	18
13	119	15
13	123	8
13	125	16
13	126	1
13	142	13
13	143	17
13	154	18
13	156	8
13	162	17
13	165	20
13	167	16
13	172	3
13	180	15
13	187	16
13	188	13
13	189	13
13	196	11
14	1	7
14	2	4
14	8	4
14	9	5
14	13	10
14	15	1
14	18	20
14	25	1
14	26	1
14	29	9
14	40	7
14	42	12
14	45	11
14	48	10
14	50	19
14	51	6
14	52	2
14	55	1
14	63	14
14	66	8
14	75	2
14	77	19
14	78	7
14	79	18
14	85	17
14	88	2
14	91	11
14	93	4
14	94	2
14	102	7
14	104	3
14	105	2
14	108	20
14	111	13
14	114	13
14	116	5
14	120	14
14	132	13
14	133	12
14	143	17
14	146	4
14	147	5
14	148	12
14	149	19
14	152	17
14	158	20
14	163	15
14	171	14
14	174	4
14	177	13
14	186	16
14	187	18
14	190	11
15	2	18
15	6	20
15	9	14
15	10	15
15	14	10
15	16	10
15	17	18
15	20	3
15	23	17
15	30	19
15	31	5
15	38	2
15	40	8
15	46	10
15	55	1
15	57	17
15	60	19
15	62	10
15	65	17
15	68	5
15	70	19
15	71	6
15	74	15
15	78	2
15	79	3
15	83	8
15	84	13
15	86	19
15	88	13
15	93	10
15	94	3
15	96	13
15	97	11
15	103	20
15	111	15
15	114	18
15	115	16
15	128	1
15	129	4
15	130	8
15	131	19
15	132	20
15	137	14
15	146	3
15	150	2
15	151	1
15	152	15
15	162	14
15	165	12
15	167	6
15	170	2
15	173	2
15	185	5
15	189	6
15	195	18
16	2	17
16	3	10
16	5	17
16	15	40
16	17	19
16	19	3
16	20	9
16	24	5
16	28	14
16	41	19
16	45	1
16	46	10
16	48	13
16	56	14
16	57	18
16	58	1
16	60	20
16	61	17
16	63	17
16	65	18
16	66	14
16	71	20
16	77	14
16	79	20
16	81	15
16	83	8
16	86	18
16	88	11
16	89	12
16	91	12
16	101	9
16	102	1
16	106	10
16	111	5
16	116	1
16	118	12
16	120	10
16	122	2
16	127	2
16	130	5
16	131	8
16	132	3
16	135	20
16	136	17
16	138	1
16	142	18
16	146	13
16	148	3
16	149	11
16	157	11
16	163	11
16	166	15
16	167	8
16	168	7
16	169	18
16	172	4
16	176	19
16	184	1
16	185	20
16	188	20
16	189	8
16	200	2
17	3	18
17	4	1
17	6	7
17	9	10
17	13	6
17	16	20
17	18	9
17	23	2
17	24	13
17	26	16
17	29	2
17	30	12
17	34	19
17	37	7
17	38	13
17	41	3
17	43	8
17	47	6
17	54	16
17	58	4
17	60	15
17	65	15
17	72	9
17	77	1
17	80	12
17	82	4
17	85	2
17	91	7
17	97	9
17	99	7
17	100	2
17	103	11
17	109	18
17	112	16
17	116	18
17	118	10
17	124	7
17	125	3
17	130	19
17	131	10
17	134	19
17	135	5
17	137	20
17	139	13
17	140	12
17	144	2
17	149	5
17	159	10
17	165	1
17	167	5
17	170	20
17	172	13
17	178	14
17	179	17
17	190	15
17	192	7
17	200	4
18	3	4
18	5	13
18	7	3
18	11	19
18	12	3
18	14	16
18	15	6
18	16	10
18	17	19
18	19	12
18	20	17
18	38	6
18	45	2
18	47	1
18	48	2
18	50	16
18	52	11
18	54	18
18	55	19
18	57	19
18	61	14
18	71	2
18	76	18
18	78	11
18	83	18
18	84	5
18	87	8
18	89	9
18	99	2
18	100	2
18	105	6
18	108	5
18	118	17
18	125	13
18	129	17
18	137	17
18	140	18
18	144	6
18	148	11
18	152	7
18	154	1
18	155	12
18	156	10
18	160	17
18	161	11
18	166	9
18	170	14
18	171	11
18	172	16
18	175	11
18	182	17
18	186	1
18	194	8
18	195	7
18	199	9
19	9	13
19	15	12
19	16	17
19	18	18
19	20	2
19	21	17
19	28	4
19	35	15
19	43	5
19	48	11
19	62	19
19	67	13
19	70	10
19	74	11
19	77	5
19	87	6
19	90	18
19	92	3
19	93	15
19	99	10
19	106	13
19	110	1
19	118	20
19	121	11
19	133	13
19	134	4
19	135	9
19	137	14
19	140	15
19	144	7
19	148	9
19	149	4
19	153	8
19	154	13
19	155	12
19	159	7
19	161	5
19	163	1
19	166	19
19	168	13
19	169	5
19	173	8
19	174	3
19	178	1
19	179	18
19	180	7
19	182	10
19	188	11
19	193	2
19	194	13
19	196	17
19	198	14
19	200	8
20	18	8
20	19	38
20	21	3
20	22	7
20	24	14
20	25	19
20	32	5
20	35	13
20	37	5
20	38	14
20	44	9
20	49	7
20	52	11
20	57	1
20	62	10
20	67	15
20	75	6
20	77	12
20	78	9
20	82	15
20	84	4
20	94	7
20	99	19
20	104	13
20	109	1
20	111	3
20	116	14
20	121	6
20	131	17
20	136	14
20	139	19
20	143	20
20	145	7
20	151	17
20	152	2
20	155	20
20	156	5
20	157	15
20	158	5
20	165	15
20	169	14
20	171	14
20	172	16
20	184	16
20	185	14
20	187	9
20	200	20
21	3	6
21	6	8
21	10	1
21	12	3
21	20	5
21	22	40
21	24	6
21	41	5
21	42	7
21	44	13
21	48	9
21	49	12
21	57	2
21	58	15
21	67	18
21	74	12
21	77	8
21	78	8
21	79	6
21	80	7
21	88	18
21	90	20
21	91	10
21	94	4
21	96	5
21	99	16
21	104	1
21	107	19
21	115	11
21	118	19
21	126	9
21	128	11
21	129	3
21	131	5
21	133	4
21	134	17
21	135	20
21	138	4
21	144	3
21	147	10
21	151	19
21	163	16
21	174	14
21	181	12
21	184	16
21	187	2
21	194	14
21	195	10
21	198	16
22	1	10
22	3	10
22	4	13
22	8	10
22	11	10
22	15	4
22	18	7
22	21	19
22	23	30
22	31	2
22	35	15
22	39	17
22	41	2
22	48	19
22	54	14
22	62	10
22	65	10
22	71	12
22	76	12
22	79	17
22	80	16
22	84	6
22	85	18
22	87	17
22	89	1
22	95	7
22	100	17
22	103	14
22	106	7
22	108	8
22	111	10
22	114	12
22	120	2
22	124	3
22	130	4
22	132	16
22	133	4
22	135	5
22	136	5
22	144	3
22	145	13
22	147	11
22	149	3
22	153	2
22	156	16
22	169	3
22	171	19
22	172	13
22	176	10
22	177	6
22	178	13
22	181	15
22	183	13
22	188	19
22	192	5
22	194	12
22	195	1
23	1	9
23	5	13
23	7	20
23	8	17
23	22	18
23	24	30
23	30	10
23	31	4
23	34	3
23	41	17
23	43	6
23	46	10
23	49	18
23	51	19
23	57	8
23	62	7
23	66	5
23	70	4
23	82	4
23	88	2
23	90	2
23	91	4
23	99	11
23	101	6
23	106	15
23	109	15
23	115	9
23	117	2
23	119	19
23	121	14
23	126	19
23	128	6
23	137	11
23	143	7
23	150	11
23	153	4
23	155	8
23	158	2
23	162	5
23	163	4
23	164	2
23	168	13
23	183	16
23	199	18
23	200	1
24	4	7
24	5	12
24	12	17
24	13	1
24	16	8
24	19	18
24	20	14
24	22	20
24	23	10
24	25	16
24	26	2
24	33	6
24	40	18
24	42	3
24	54	15
24	65	13
24	74	19
24	79	5
24	80	12
24	82	19
24	84	15
24	88	2
24	92	16
24	109	13
24	113	7
24	115	9
24	117	1
24	118	10
24	119	8
24	120	20
24	124	10
24	131	20
24	133	17
24	136	3
24	139	5
24	141	12
24	142	5
24	143	8
24	145	14
24	148	12
24	149	4
24	155	9
24	158	14
24	159	7
24	161	15
24	173	6
24	176	1
24	178	7
24	190	8
24	198	17
25	1	14
25	14	3
25	15	4
25	24	4
25	26	17
25	31	8
25	32	17
25	36	17
25	38	3
25	41	5
25	44	6
25	47	4
25	52	4
25	53	15
25	58	15
25	70	7
25	71	1
25	74	16
25	76	10
25	81	20
25	83	14
25	85	6
25	91	3
25	93	7
25	94	7
25	95	19
25	99	17
25	100	5
25	105	20
25	109	9
25	112	3
25	117	14
25	128	5
25	131	9
25	134	17
25	145	2
25	157	16
25	159	13
25	162	6
25	164	2
25	171	3
25	176	11
25	178	5
25	181	19
25	183	18
25	184	12
25	187	6
25	192	11
25	198	6
25	199	19
25	200	13
26	11	5
26	12	4
26	14	3
26	18	7
26	19	18
26	20	6
26	21	9
26	23	5
26	25	22
26	27	13
26	29	12
26	30	19
26	31	17
26	34	17
26	35	8
26	36	1
26	37	17
26	39	13
26	41	1
26	43	2
26	44	10
26	45	9
26	49	1
26	50	16
26	58	20
26	62	14
26	69	12
26	71	9
26	73	3
26	74	5
26	77	6
26	78	3
26	79	12
26	81	18
26	82	1
26	85	13
26	87	17
26	88	11
26	90	3
26	91	4
26	97	12
26	103	13
26	110	3
26	120	17
26	126	17
26	129	1
26	130	16
26	133	14
26	137	5
26	141	3
26	148	5
26	152	3
26	159	17
26	163	6
26	165	19
26	167	16
26	169	12
26	176	8
26	183	10
26	195	2
27	2	5
27	8	8
27	14	15
27	20	3
27	26	10
27	28	28
27	35	15
27	36	4
27	38	9
27	46	11
27	50	20
27	54	8
27	56	6
27	59	6
27	60	7
27	66	8
27	67	7
27	70	14
27	71	16
27	75	18
27	83	3
27	84	18
27	85	6
27	88	2
27	89	17
27	90	9
27	92	19
27	94	13
27	95	4
27	98	15
27	106	16
27	112	19
27	115	13
27	117	17
27	118	4
27	122	8
27	142	11
27	149	8
27	152	4
27	154	20
27	159	8
27	166	14
27	170	8
27	177	18
27	178	13
27	181	10
27	182	15
27	184	13
27	194	13
27	196	5
27	199	14
28	1	9
28	3	9
28	11	13
28	12	20
28	14	1
28	15	12
28	17	18
28	18	6
28	20	1
28	27	32
28	29	38
28	31	18
28	34	13
28	39	12
28	41	13
28	42	13
28	47	11
28	48	9
28	49	11
28	50	3
28	52	8
28	53	2
28	54	18
28	60	15
28	61	16
28	63	16
28	65	11
28	68	15
28	69	16
28	71	18
28	72	3
28	73	3
28	75	10
28	79	19
28	80	6
28	81	8
28	87	16
28	92	19
28	93	16
28	94	6
28	103	11
28	107	1
28	113	14
28	117	5
28	120	11
28	123	11
28	128	12
28	129	8
28	133	20
28	134	15
28	136	8
28	144	17
28	145	4
28	148	19
28	149	16
28	160	19
28	161	16
28	165	8
28	171	2
28	172	9
28	173	18
28	174	15
28	175	12
28	176	16
28	177	9
28	183	2
28	184	16
28	190	4
28	191	11
28	194	1
28	195	9
28	196	3
28	198	17
28	199	12
29	1	13
29	3	6
29	6	5
29	7	12
29	8	4
29	10	1
29	12	2
29	16	12
29	24	10
29	25	2
29	28	10
29	30	7
29	33	8
29	34	14
29	35	11
29	43	5
29	44	19
29	46	12
29	47	2
29	50	18
29	51	18
29	53	7
29	58	11
29	65	6
29	74	14
29	75	8
29	77	3
29	79	3
29	80	4
29	81	11
29	83	2
29	86	6
29	87	12
29	90	5
29	91	10
29	99	16
29	106	16
29	108	4
29	112	14
29	118	9
29	120	20
29	125	1
29	132	13
29	134	15
29	140	7
29	146	15
29	147	12
29	149	15
29	152	1
29	153	16
29	154	4
29	163	5
29	177	16
29	183	5
29	189	11
29	190	2
29	191	10
29	192	4
30	9	9
30	10	13
30	19	9
30	20	18
30	24	5
30	25	18
30	26	20
30	27	18
30	29	15
30	31	15
30	32	17
30	33	7
30	34	15
30	37	5
30	41	6
30	43	12
30	47	18
30	53	8
30	54	9
30	67	14
30	69	15
30	96	20
30	106	19
30	110	14
30	116	12
30	119	9
30	125	1
30	127	19
30	131	3
30	141	12
30	157	11
30	160	12
30	164	8
30	165	2
30	166	10
30	167	20
30	175	12
30	186	11
30	189	12
30	192	13
30	193	10
30	195	7
31	2	14
31	9	12
31	15	2
31	16	16
31	17	13
31	18	12
31	22	2
31	28	9
31	29	2
31	30	19
31	32	14
31	35	1
31	36	1
31	37	5
31	40	3
31	48	14
31	54	9
31	55	12
31	56	4
31	59	10
31	63	3
31	64	12
31	67	1
31	69	9
31	70	11
31	72	12
31	74	20
31	76	13
31	79	15
31	86	15
31	89	5
31	97	3
31	98	15
31	99	11
31	102	8
31	105	6
31	108	17
31	113	9
31	114	5
31	119	2
31	121	2
31	123	16
31	128	20
31	133	15
31	135	20
31	136	20
31	139	2
31	144	1
31	147	20
31	151	9
31	155	18
31	156	7
31	170	9
31	175	15
31	176	1
31	182	8
31	183	20
31	190	18
32	1	3
32	2	17
32	16	6
32	30	13
32	31	9
32	33	19
32	36	12
32	44	8
32	45	15
32	50	8
32	64	9
32	65	2
32	69	4
32	71	11
32	73	3
32	74	3
32	75	7
32	78	10
32	79	10
32	82	13
32	90	7
32	91	11
32	93	4
32	97	7
32	100	19
32	106	6
32	112	1
32	117	12
32	119	6
32	123	6
32	130	1
32	131	11
32	137	11
32	139	12
32	147	12
32	148	7
32	151	19
32	158	20
32	169	13
32	171	19
32	172	18
32	174	9
32	175	1
32	177	17
32	179	7
32	180	6
32	182	5
32	184	10
32	200	15
33	2	18
33	7	10
33	16	13
33	17	8
33	18	20
33	22	8
33	27	14
33	32	9
33	34	5
33	39	18
33	43	20
33	44	3
33	46	13
33	47	20
33	49	3
33	52	6
33	58	3
33	59	7
33	62	4
33	63	9
33	64	5
33	66	13
33	70	16
33	82	13
33	86	11
33	92	20
33	102	12
33	104	14
33	116	1
33	117	7
33	125	1
33	126	20
33	130	4
33	135	10
33	138	13
33	146	17
33	147	6
33	150	2
33	151	2
33	152	9
33	156	2
33	162	11
33	163	10
33	165	18
33	168	13
33	169	2
33	172	17
33	178	9
33	179	10
33	184	13
33	189	13
33	193	12
33	196	4
33	198	19
34	6	8
34	10	17
34	13	14
34	19	13
34	29	9
34	33	1
34	35	16
34	37	17
34	46	5
34	51	3
34	53	13
34	60	2
34	63	19
34	66	10
34	80	10
34	85	19
34	86	19
34	88	1
34	89	14
34	91	10
34	92	8
34	94	19
34	95	1
34	97	18
34	108	19
34	112	11
34	114	2
34	120	4
34	121	11
34	123	1
34	124	14
34	126	3
34	128	17
34	130	3
34	131	4
34	136	10
34	138	7
34	147	19
34	152	9
34	156	1
34	161	8
34	162	15
34	163	16
34	170	17
34	178	19
34	179	20
34	181	20
34	185	18
34	193	13
34	194	10
34	196	2
35	1	6
35	2	15
35	8	19
35	11	2
35	23	16
35	28	7
35	30	11
35	34	4
35	36	3
35	52	7
35	57	8
35	70	14
35	73	19
35	75	17
35	78	13
35	81	8
35	87	16
35	89	11
35	94	4
35	97	1
35	101	18
35	106	8
35	108	1
35	110	20
35	115	19
35	117	2
35	120	7
35	121	10
35	131	5
35	133	7
35	135	16
35	136	2
35	140	20
35	141	11
35	142	11
35	144	3
35	148	6
35	149	16
35	151	3
35	152	10
35	155	9
35	160	9
35	161	17
35	170	15
35	188	20
35	190	9
36	4	6
36	6	3
36	19	8
36	20	3
36	22	3
36	25	4
36	29	3
36	33	12
36	35	1
36	37	6
36	43	5
36	50	14
36	58	12
36	64	1
36	66	4
36	74	9
36	75	7
36	76	14
36	80	5
36	92	1
36	102	14
36	103	10
36	109	5
36	112	16
36	113	17
36	118	12
36	123	3
36	124	7
36	127	9
36	135	13
36	136	3
36	137	15
36	139	19
36	141	14
36	142	16
36	150	13
36	152	9
36	153	7
36	154	8
36	161	13
36	168	18
36	169	10
36	172	6
36	173	11
36	175	2
36	177	14
36	178	10
36	181	2
36	182	20
36	195	6
36	200	12
37	7	10
37	9	9
37	15	16
37	16	13
37	20	13
37	24	18
37	26	20
37	27	8
37	28	3
37	36	15
37	38	14
37	39	16
37	41	12
37	45	20
37	48	18
37	56	13
37	58	8
37	59	1
37	60	12
37	65	15
37	68	2
37	72	19
37	74	10
37	75	17
37	76	16
37	79	11
37	82	14
37	85	12
37	90	11
37	102	13
37	106	17
37	110	4
37	127	7
37	129	17
37	130	8
37	146	1
37	149	13
37	151	18
37	154	7
37	159	20
37	161	8
37	162	1
37	178	18
37	181	14
37	187	4
37	188	1
37	189	10
37	190	12
37	197	1
37	198	3
37	199	14
38	8	15
38	9	4
38	18	20
38	24	19
38	25	13
38	26	7
38	31	9
38	32	6
38	37	5
38	39	19
38	44	9
38	46	17
38	47	11
38	49	18
38	51	8
38	64	13
38	68	6
38	70	3
38	71	5
38	73	9
38	75	7
38	79	2
38	82	1
38	87	7
38	95	13
38	101	11
38	102	6
38	107	18
38	109	2
38	111	1
38	112	11
38	113	13
38	120	12
38	123	8
38	125	1
38	128	16
38	129	13
38	130	11
38	132	6
38	136	12
38	137	10
38	138	19
38	146	9
38	153	16
38	159	18
38	161	13
38	162	7
38	168	9
38	171	10
38	172	8
38	173	17
38	175	1
38	190	18
38	192	3
39	5	6
39	10	17
39	11	8
39	12	10
39	14	11
39	16	6
39	21	12
39	24	20
39	25	10
39	33	8
39	37	10
39	38	1
39	40	11
39	43	15
39	49	12
39	56	13
39	63	16
39	65	5
39	67	16
39	68	19
39	72	9
39	74	9
39	79	1
39	83	20
39	84	3
39	88	1
39	93	18
39	96	11
39	102	4
39	104	18
39	113	16
39	115	11
39	117	13
39	123	4
39	127	9
39	128	4
39	133	12
39	136	4
39	140	15
39	141	8
39	144	15
39	145	8
39	146	9
39	149	2
39	150	4
39	152	14
39	157	16
39	171	13
39	173	8
39	176	8
39	178	8
39	179	10
39	181	12
39	188	9
39	196	4
39	198	9
40	1	15
40	2	15
40	4	17
40	8	6
40	11	7
40	13	19
40	25	20
40	32	4
40	33	19
40	35	5
40	37	19
40	38	13
40	39	4
40	41	12
40	48	7
40	55	20
40	58	17
40	61	11
40	64	5
40	65	20
40	68	1
40	73	17
40	76	12
40	77	8
40	81	8
40	99	4
40	100	10
40	105	3
40	106	10
40	108	1
40	110	2
40	115	11
40	132	15
40	135	12
40	142	16
40	152	4
40	154	13
40	162	7
40	164	6
40	166	1
40	170	5
40	171	2
40	172	2
40	176	4
40	177	2
40	187	14
40	189	16
40	190	8
40	191	19
41	7	10
41	8	16
41	14	9
41	23	3
41	25	9
41	27	16
41	40	5
41	42	3
41	45	20
41	53	17
41	54	19
41	57	1
41	59	6
41	61	10
41	66	12
41	67	2
41	83	3
41	86	8
41	91	11
41	95	13
41	104	10
41	105	7
41	114	4
41	116	6
41	117	17
41	122	18
41	130	11
41	135	18
41	140	4
41	141	18
41	142	19
41	144	17
41	146	2
41	147	18
41	148	11
41	151	9
41	152	16
41	153	16
41	161	17
41	162	4
41	166	15
41	169	15
41	172	9
41	178	7
41	183	17
41	185	9
41	187	17
42	3	8
42	4	18
42	9	8
42	12	9
42	14	14
42	20	20
42	22	9
42	23	19
42	27	13
42	33	16
42	37	19
42	41	15
42	43	20
42	47	19
42	49	9
42	51	10
42	59	18
42	62	10
42	63	9
42	73	9
42	75	13
42	76	6
42	77	17
42	85	14
42	99	6
42	104	6
42	105	16
42	107	20
42	109	14
42	111	1
42	114	9
42	116	7
42	121	12
42	125	16
42	133	19
42	138	8
42	142	18
42	148	2
42	151	4
42	154	13
42	164	3
42	171	4
42	177	10
42	178	5
42	180	3
42	181	9
42	183	7
42	189	7
42	190	18
42	192	6
42	196	7
42	199	6
43	2	8
43	10	16
43	18	3
43	22	17
43	30	19
43	33	12
43	39	4
43	42	1
43	44	8
43	47	19
43	50	12
43	53	3
43	55	18
43	57	4
43	64	9
43	65	1
43	66	5
43	67	12
43	82	3
43	84	14
43	92	7
43	94	14
43	95	1
43	97	18
43	98	10
43	103	18
43	108	4
43	109	5
43	115	17
43	120	17
43	127	15
43	132	1
43	138	15
43	143	5
43	147	5
43	154	14
43	156	17
43	158	5
43	159	10
43	160	3
43	161	2
43	165	19
43	172	19
43	173	10
43	174	14
43	175	8
43	183	11
43	184	8
43	187	11
43	196	18
44	1	17
44	14	11
44	16	20
44	17	1
44	19	13
44	21	9
44	34	10
44	35	12
44	40	16
44	42	2
44	43	16
44	45	17
44	46	18
44	47	13
44	53	18
44	65	1
44	66	16
44	74	2
44	75	6
44	82	14
44	83	17
44	84	9
44	89	13
44	92	15
44	95	9
44	101	8
44	103	9
44	109	5
44	112	10
44	116	1
44	117	18
44	118	3
44	121	12
44	123	6
44	135	8
44	146	2
44	147	5
44	152	13
44	161	6
44	163	9
44	168	4
44	170	15
44	173	3
44	174	15
44	176	13
44	179	2
44	180	10
44	188	10
44	189	13
44	196	14
45	2	9
45	6	8
45	9	14
45	11	12
45	14	8
45	15	2
45	18	8
45	24	1
45	27	8
45	29	18
45	31	6
45	32	5
45	37	20
45	39	9
45	44	5
45	46	14
45	47	20
45	48	9
45	52	13
45	68	14
45	72	7
45	73	4
45	74	18
45	78	19
45	84	20
45	86	4
45	89	4
45	91	10
45	101	6
45	105	8
45	108	6
45	113	9
45	115	7
45	116	8
45	117	8
45	123	16
45	124	14
45	132	11
45	135	5
45	136	11
45	139	19
45	140	1
45	142	15
45	146	7
45	147	20
45	156	1
45	166	10
45	169	1
45	173	1
45	174	6
45	177	20
45	181	13
45	186	11
45	192	16
45	199	6
46	4	11
46	9	8
46	11	9
46	19	2
46	24	8
46	27	8
46	28	5
46	31	3
46	44	13
46	45	15
46	47	14
46	52	1
46	57	8
46	58	1
46	60	10
46	75	12
46	76	15
46	80	14
46	81	2
46	87	18
46	88	8
46	90	14
46	94	4
46	95	11
46	96	2
46	99	3
46	105	2
46	112	11
46	115	12
46	118	6
46	119	11
46	121	5
46	126	7
46	135	16
46	136	6
46	139	20
46	140	11
46	142	18
46	147	6
46	149	14
46	150	13
46	152	5
46	153	1
46	163	19
46	164	4
46	169	10
46	171	19
46	176	20
46	178	8
46	183	7
46	186	4
46	194	15
46	198	9
47	4	16
47	5	5
47	10	1
47	20	10
47	23	11
47	29	15
47	30	20
47	32	14
47	35	3
47	36	15
47	38	16
47	40	14
47	42	3
47	46	18
47	48	10
47	49	15
47	51	17
47	53	13
47	57	7
47	58	9
47	59	2
47	69	11
47	72	5
47	76	4
47	79	16
47	85	7
47	86	13
47	100	11
47	102	20
47	106	14
47	108	11
47	126	7
47	129	11
47	132	16
47	136	1
47	142	11
47	143	20
47	144	4
47	145	13
47	150	6
47	153	12
47	170	1
47	171	13
47	172	20
47	177	16
47	180	8
47	185	17
47	190	6
47	191	2
47	192	15
47	196	19
47	197	6
48	2	4
48	6	17
48	8	8
48	11	8
48	16	9
48	22	7
48	24	14
48	27	11
48	29	5
48	32	17
48	38	9
48	42	4
48	44	4
48	45	13
48	47	18
48	49	14
48	55	5
48	57	17
48	58	11
48	63	14
48	64	13
48	74	19
48	78	7
48	83	6
48	84	11
48	88	19
48	90	19
48	93	6
48	94	3
48	96	19
48	97	18
48	102	15
48	109	19
48	110	12
48	113	6
48	118	12
48	119	20
48	141	16
48	145	18
48	148	5
48	149	17
48	150	6
48	151	14
48	152	7
48	153	19
48	160	20
48	167	14
48	168	7
48	171	17
48	175	2
48	176	11
48	182	19
48	184	1
48	187	16
48	188	10
48	191	4
48	196	14
49	2	4
49	5	4
49	11	7
49	15	1
49	18	1
49	31	18
49	36	14
49	41	12
49	48	4
49	50	32
49	51	1
49	57	7
49	58	13
49	72	18
49	75	15
49	76	16
49	78	1
49	87	4
49	88	1
49	90	12
49	92	9
49	95	4
49	96	5
49	110	9
49	111	18
49	117	17
49	120	7
49	121	9
49	128	14
49	131	7
49	132	3
49	133	20
49	138	3
49	139	2
49	140	16
49	148	12
49	151	17
49	156	20
49	157	16
49	163	16
49	172	18
49	177	19
49	179	11
49	180	13
49	182	8
49	188	6
49	189	10
50	1	20
50	3	6
50	4	7
50	5	12
50	9	4
50	13	12
50	19	14
50	28	8
50	32	19
50	33	6
50	34	18
50	38	13
50	40	6
50	49	12
50	51	16
50	56	4
50	59	1
50	61	9
50	62	15
50	66	15
50	68	16
50	69	12
50	72	11
50	75	2
50	77	7
50	79	19
50	80	13
50	87	12
50	89	18
50	91	6
50	92	2
50	93	13
50	96	13
50	99	20
50	100	11
50	107	12
50	108	12
50	113	4
50	116	4
50	127	12
50	132	19
50	134	7
50	135	4
50	136	6
50	149	9
50	157	13
50	160	13
50	162	12
50	163	12
50	164	8
50	166	5
50	170	15
50	176	19
50	177	16
50	178	16
50	180	1
50	184	5
50	191	13
50	195	18
50	197	14
50	198	16
50	199	6
51	7	3
51	8	10
51	9	1
51	10	7
51	12	20
51	17	15
51	18	7
51	21	14
51	23	8
51	24	4
51	36	8
51	37	20
51	42	2
51	43	17
51	50	10
51	52	14
51	58	16
51	62	15
51	68	2
51	71	7
51	73	11
51	83	19
51	84	13
51	88	4
51	123	17
51	128	18
51	134	20
51	135	1
51	141	8
51	142	14
51	147	11
51	148	6
51	151	1
51	161	11
51	162	12
51	175	1
51	178	13
51	182	5
51	185	5
51	189	4
51	198	4
51	199	15
51	200	6
52	1	20
52	2	10
52	3	3
52	5	7
52	6	20
52	12	4
52	14	18
52	17	2
52	22	19
52	28	3
52	32	1
52	42	10
52	50	4
52	51	2
52	53	12
52	61	10
52	66	5
52	67	18
52	69	3
52	72	18
52	75	7
52	76	7
52	78	2
52	81	4
52	84	18
52	87	4
52	93	3
52	94	15
52	96	8
52	100	10
52	106	19
52	107	12
52	115	15
52	116	14
52	119	9
52	128	6
52	133	3
52	134	12
52	137	6
52	140	17
52	148	2
52	154	3
52	164	1
52	166	6
52	168	14
52	171	18
52	174	2
52	176	18
52	182	13
52	192	9
52	198	14
53	2	4
53	4	2
53	11	5
53	12	11
53	18	4
53	21	11
53	27	6
53	28	12
53	40	8
53	44	16
53	52	20
53	54	28
53	56	7
53	57	20
53	58	6
53	62	11
53	66	4
53	77	11
53	80	2
53	82	20
53	83	13
53	84	13
53	85	9
53	86	15
53	88	12
53	90	15
53	96	1
53	98	9
53	109	19
53	114	12
53	116	17
53	124	18
53	126	2
53	132	20
53	137	1
53	141	3
53	142	11
53	143	11
53	144	2
53	146	16
53	149	17
53	151	18
53	156	15
53	157	10
53	159	7
53	160	12
53	162	17
53	169	11
53	172	13
53	176	9
53	184	4
53	186	18
53	193	1
54	3	9
54	10	19
54	15	6
54	17	7
54	21	20
54	25	3
54	29	9
54	46	14
54	49	4
54	53	10
54	55	2
54	56	3
54	57	5
54	63	13
54	64	20
54	68	10
54	76	16
54	82	7
54	88	8
54	96	11
54	98	15
54	102	4
54	112	18
54	118	6
54	121	9
54	122	9
54	124	1
54	127	1
54	128	14
54	129	7
54	130	20
54	132	3
54	134	5
54	139	9
54	144	2
54	145	6
54	146	13
54	147	2
54	150	12
54	156	10
54	160	14
54	161	11
54	163	5
54	164	13
54	165	16
54	166	16
54	167	1
54	168	5
54	170	6
54	183	14
54	185	12
54	186	17
54	197	18
54	200	6
55	3	19
55	9	14
55	12	11
55	16	13
55	17	20
55	25	15
55	29	15
55	39	11
55	41	10
55	54	20
55	56	2
55	58	12
55	61	6
55	65	11
55	67	19
55	69	18
55	70	20
55	76	12
55	99	16
55	101	19
55	104	5
55	109	18
55	110	13
55	115	10
55	117	18
55	120	16
55	124	12
55	125	4
55	126	14
55	130	16
55	131	4
55	141	17
55	143	4
55	146	5
55	147	13
55	150	4
55	152	10
55	153	13
55	154	19
55	162	8
55	163	19
55	164	17
55	166	5
55	167	10
55	177	7
55	181	15
55	184	8
55	192	19
55	197	17
55	198	1
56	20	16
56	21	18
56	23	10
56	25	14
56	26	12
56	30	19
56	35	5
56	36	3
56	40	2
56	44	13
56	45	13
56	46	1
56	55	5
56	57	4
56	62	15
56	64	5
56	67	19
56	70	1
56	73	10
56	81	17
56	82	7
56	86	5
56	89	20
56	96	7
56	103	19
56	105	16
56	111	9
56	116	15
56	117	9
56	120	1
56	123	2
56	125	5
56	136	3
56	138	16
56	142	13
56	147	9
56	153	2
56	158	13
56	159	6
56	169	3
56	170	9
56	175	4
56	181	3
56	182	20
56	184	11
56	190	2
56	195	14
56	196	4
56	197	19
57	3	10
57	7	3
57	19	5
57	22	5
57	25	11
57	28	11
57	29	8
57	38	11
57	39	20
57	44	11
57	48	5
57	55	6
57	56	17
57	58	9
57	59	1
57	62	16
57	64	6
57	67	7
57	80	5
57	83	4
57	87	4
57	92	1
57	95	8
57	97	16
57	102	3
57	103	16
57	113	20
57	114	16
57	115	15
57	117	8
57	122	5
57	125	3
57	128	10
57	129	8
57	139	2
57	140	17
57	145	7
57	146	7
57	156	8
57	159	3
57	164	14
57	170	14
57	172	20
57	179	9
57	189	18
57	190	3
57	191	1
57	196	13
57	198	16
57	199	3
58	18	11
58	20	16
58	25	17
58	29	9
58	33	13
58	34	18
58	36	13
58	41	5
58	43	13
58	45	16
58	49	3
58	53	20
58	54	3
58	57	16
58	59	18
58	62	14
58	65	4
58	69	6
58	81	3
58	86	2
58	92	17
58	99	9
58	100	17
58	107	19
58	116	4
58	117	7
58	122	13
58	128	20
58	141	8
58	145	8
58	146	19
58	162	20
58	163	8
58	172	10
58	173	3
58	178	9
58	182	3
58	185	15
58	193	17
58	199	19
59	4	12
59	7	18
59	9	7
59	10	13
59	14	16
59	19	3
59	22	20
59	23	19
59	24	19
59	35	11
59	39	3
59	44	10
59	51	19
59	57	16
59	58	8
59	60	4
59	63	12
59	76	12
59	79	18
59	81	19
59	82	19
59	84	7
59	89	2
59	91	17
59	100	11
59	106	6
59	119	14
59	125	20
59	141	5
59	146	8
59	150	13
59	151	16
59	156	12
59	159	14
59	160	17
59	163	10
59	167	4
59	172	7
59	178	6
59	183	12
59	184	4
59	191	19
59	194	1
60	3	19
60	11	6
60	14	5
60	17	8
60	27	17
60	29	8
60	30	13
60	31	20
60	32	6
60	33	18
60	36	8
60	37	7
60	40	16
60	50	16
60	51	15
60	55	8
60	56	6
60	59	9
60	61	18
60	65	11
60	70	9
60	74	16
60	78	10
60	86	10
60	88	19
60	96	1
60	107	1
60	110	17
60	114	3
60	116	11
60	120	19
60	121	15
60	122	9
60	123	4
60	133	10
60	138	16
60	139	11
60	140	14
60	144	7
60	145	15
60	146	9
60	151	2
60	153	1
60	155	4
60	157	16
60	168	2
60	175	14
60	177	17
60	178	14
60	181	12
60	184	4
60	187	15
60	192	8
60	195	4
61	1	14
61	2	12
61	5	3
61	11	10
61	12	3
61	19	6
61	20	2
61	25	4
61	26	4
61	29	5
61	31	2
61	44	7
61	45	7
61	53	10
61	56	9
61	60	1
61	62	15
61	69	15
61	72	13
61	84	8
61	86	8
61	90	4
61	91	11
61	93	17
61	100	7
61	108	16
61	118	19
61	119	2
61	125	15
61	127	2
61	131	18
61	132	18
61	133	8
61	138	11
61	140	20
61	144	5
61	146	6
61	147	12
61	149	19
61	153	9
61	154	18
61	157	17
61	159	18
61	161	19
61	167	4
61	168	17
61	169	16
61	171	15
61	172	16
61	175	20
61	197	11
61	198	16
61	200	4
62	14	2
62	19	4
62	22	19
62	23	20
62	34	9
62	35	13
62	36	20
62	37	4
62	40	16
62	42	11
62	49	11
62	50	5
62	54	1
62	59	14
62	61	10
62	63	26
62	64	17
62	68	5
62	73	16
62	78	19
62	79	18
62	83	12
62	98	13
62	102	14
62	103	5
62	104	9
62	107	16
62	113	12
62	115	2
62	116	6
62	120	3
62	122	16
62	125	15
62	128	5
62	129	2
62	130	3
62	131	3
62	132	6
62	133	9
62	134	14
62	136	16
62	137	19
62	144	12
62	145	2
62	147	9
62	148	1
62	161	20
62	173	6
62	176	14
62	180	19
62	181	5
62	182	2
62	188	9
62	192	15
62	193	6
62	198	11
63	4	16
63	6	14
63	10	9
63	12	17
63	21	14
63	29	5
63	32	12
63	36	1
63	37	6
63	40	2
63	48	18
63	53	15
63	54	4
63	56	17
63	60	8
63	62	22
63	64	5
63	65	7
63	67	5
63	72	11
63	74	7
63	80	14
63	86	4
63	100	12
63	101	10
63	102	11
63	103	9
63	113	18
63	114	19
63	120	8
63	125	18
63	126	2
63	129	1
63	133	15
63	134	16
63	145	4
63	147	7
63	150	15
63	152	13
63	153	2
63	155	13
63	156	9
63	161	18
63	173	13
63	178	6
63	179	7
63	184	11
63	187	17
63	188	12
63	189	3
63	197	11
63	200	1
64	1	11
64	6	1
64	8	3
64	10	12
64	14	1
64	15	7
64	19	6
64	23	13
64	26	7
64	27	8
64	28	12
64	32	2
64	33	9
64	35	19
64	44	8
64	51	8
64	53	5
64	54	14
64	56	14
64	63	11
64	65	2
64	66	17
64	69	12
64	70	3
64	71	11
64	72	3
64	79	20
64	83	5
64	86	2
64	89	5
64	92	6
64	94	10
64	95	9
64	99	2
64	103	6
64	104	6
64	106	11
64	109	1
64	110	9
64	112	20
64	117	14
64	123	7
64	124	15
64	125	15
64	129	14
64	130	13
64	131	9
64	138	7
64	140	6
64	145	15
64	154	6
64	161	7
64	167	3
64	171	18
64	181	15
64	184	10
64	191	4
64	198	3
65	4	5
65	19	16
65	21	14
65	24	2
65	26	14
65	27	11
65	33	9
65	35	2
65	38	6
65	39	15
65	46	17
65	47	2
65	48	14
65	50	7
65	54	3
65	58	19
65	62	14
65	64	5
65	66	18
65	79	2
65	81	4
65	82	4
65	83	20
65	84	11
65	85	6
65	86	14
65	89	14
65	90	5
65	94	14
65	97	11
65	98	3
65	104	14
65	107	3
65	110	8
65	113	2
65	115	19
65	125	15
65	130	17
65	133	16
65	135	4
65	141	11
65	149	9
65	156	7
65	157	7
65	158	11
65	161	11
65	164	1
65	171	19
65	181	12
65	183	9
65	185	7
65	188	17
65	190	2
65	194	2
65	195	7
65	196	7
65	198	12
65	199	9
66	16	15
66	17	12
66	30	1
66	31	14
66	33	11
66	41	2
66	44	4
66	45	12
66	60	13
66	61	1
66	65	19
66	67	6
66	69	8
66	70	6
66	75	9
66	81	4
66	87	19
66	89	5
66	90	11
66	92	20
66	94	17
66	96	9
66	98	1
66	100	1
66	122	5
66	131	13
66	135	7
66	148	18
66	153	8
66	158	10
66	164	12
66	167	9
66	168	11
66	169	19
66	173	3
66	174	17
66	175	14
66	178	15
66	180	19
66	185	19
66	188	1
66	190	17
66	191	3
66	193	9
66	196	17
66	197	17
66	198	8
66	200	1
67	2	12
67	3	8
67	9	18
67	10	8
67	13	12
67	14	1
67	20	16
67	25	4
67	30	6
67	32	11
67	42	7
67	43	2
67	47	8
67	53	16
67	57	18
67	61	20
67	66	12
67	68	9
67	71	2
67	72	9
67	77	12
67	78	17
67	81	14
67	83	16
67	87	17
67	88	4
67	89	17
67	92	13
67	97	7
67	100	14
67	110	14
67	117	9
67	121	11
67	127	18
67	128	4
67	129	13
67	130	3
67	131	16
67	132	2
67	133	16
67	139	13
67	141	2
67	149	18
67	150	17
67	153	18
67	157	7
67	158	17
67	169	4
67	174	19
67	177	1
67	181	11
67	185	16
67	187	18
67	194	5
67	199	7
68	8	14
68	10	20
68	17	4
68	26	11
68	40	20
68	46	16
68	49	15
68	50	11
68	59	4
68	63	3
68	64	4
68	66	8
68	67	18
68	69	18
68	73	12
68	77	11
68	83	8
68	87	1
68	88	8
68	93	4
68	94	9
68	95	8
68	105	11
68	106	6
68	115	16
68	118	11
68	125	13
68	129	13
68	130	15
68	131	4
68	136	7
68	148	9
68	150	1
68	155	6
68	163	4
68	164	3
68	171	6
68	173	2
68	177	9
68	178	8
68	182	6
68	186	7
68	190	9
68	194	3
68	196	5
68	198	3
69	9	10
69	13	16
69	14	12
69	15	2
69	23	1
69	25	11
69	29	20
69	32	20
69	35	6
69	38	16
69	40	11
69	43	11
69	45	11
69	49	17
69	56	16
69	62	20
69	63	12
69	68	4
69	70	6
69	71	19
69	76	11
69	81	20
69	86	4
69	87	9
69	88	9
69	89	17
69	90	3
69	93	3
69	98	18
69	107	16
69	111	7
69	114	5
69	118	5
69	128	2
69	137	10
69	144	3
69	148	1
69	153	1
69	154	6
69	160	16
69	163	8
69	169	11
69	173	9
69	174	18
69	177	2
69	181	8
69	192	16
69	194	6
69	196	15
69	197	18
69	198	1
70	6	8
70	10	10
70	15	5
70	16	2
70	21	18
70	23	6
70	27	12
70	28	9
70	29	4
70	34	1
70	44	16
70	48	2
70	49	6
70	50	16
70	55	17
70	56	14
70	59	1
70	62	18
70	69	13
70	71	14
70	77	7
70	81	11
70	82	2
70	85	3
70	86	17
70	91	10
70	104	11
70	105	11
70	107	13
70	115	20
70	116	15
70	117	8
70	127	10
70	137	17
70	138	20
70	139	12
70	141	6
70	142	17
70	143	11
70	150	3
70	152	19
70	154	20
70	156	1
70	157	20
70	159	9
70	161	20
70	162	9
70	164	4
70	165	18
70	169	8
70	173	13
70	174	11
70	177	7
70	178	19
70	181	11
70	183	20
70	184	14
70	187	6
70	192	8
70	193	5
70	197	19
70	198	12
71	14	2
71	18	6
71	19	15
71	21	10
71	22	1
71	25	2
71	29	6
71	35	4
71	36	9
71	41	1
71	43	8
71	44	1
71	46	16
71	53	3
71	54	9
71	55	14
71	56	8
71	58	9
71	62	11
71	65	7
71	70	16
71	72	18
71	73	15
71	76	14
71	79	20
71	80	19
71	81	11
71	86	4
71	102	20
71	104	4
71	105	9
71	108	18
71	109	20
71	110	3
71	115	4
71	126	7
71	130	17
71	135	5
71	142	20
71	145	19
71	155	18
71	163	16
71	164	9
71	166	1
71	170	9
71	172	20
71	175	19
71	177	12
71	179	19
71	182	1
71	183	17
71	186	9
71	187	5
71	192	19
71	195	6
71	197	12
71	200	14
72	2	18
72	3	3
72	6	4
72	9	13
72	14	15
72	17	9
72	18	12
72	30	1
72	41	6
72	44	10
72	51	9
72	52	13
72	67	4
72	71	11
72	73	20
72	84	19
72	96	11
72	98	6
72	100	6
72	102	3
72	103	10
72	113	11
72	116	17
72	117	3
72	121	4
72	123	19
72	126	4
72	129	12
72	132	2
72	133	14
72	144	4
72	145	15
72	146	4
72	156	13
72	159	1
72	166	2
72	167	19
72	169	15
72	170	15
72	173	4
72	180	5
72	181	8
72	186	11
72	191	8
72	192	2
72	198	14
73	2	17
73	14	8
73	20	17
73	24	3
73	26	20
73	27	3
73	39	19
73	40	13
73	44	16
73	45	20
73	52	6
73	59	13
73	64	3
73	68	8
73	71	17
73	72	10
73	74	10
73	76	16
73	84	18
73	86	4
73	87	10
73	89	17
73	93	14
73	100	19
73	101	20
73	104	20
73	107	20
73	109	10
73	111	17
73	113	1
73	116	7
73	117	17
73	124	12
73	125	12
73	126	9
73	128	3
73	130	10
73	132	5
73	133	6
73	134	3
73	143	8
73	146	19
73	151	3
73	162	1
73	168	9
73	175	20
73	178	15
73	179	12
73	181	7
73	184	11
73	188	14
73	192	5
73	194	17
73	196	14
73	200	11
74	4	15
74	6	7
74	9	16
74	13	9
74	17	9
74	21	7
74	23	15
74	26	4
74	31	8
74	32	16
74	36	3
74	39	6
74	44	17
74	50	6
74	51	16
74	52	17
74	53	20
74	55	14
74	57	7
74	61	1
74	68	16
74	72	3
74	73	16
74	75	3
74	83	4
74	88	4
74	91	7
74	95	16
74	104	11
74	105	11
74	108	20
74	109	17
74	113	9
74	119	5
74	123	14
74	126	2
74	128	10
74	134	19
74	145	20
74	147	13
74	149	11
74	151	20
74	157	18
74	158	6
74	159	7
74	164	19
74	166	16
74	168	17
74	184	7
74	189	15
74	192	14
75	3	8
75	5	18
75	6	20
75	21	16
75	25	14
75	28	4
75	31	18
75	40	15
75	48	20
75	51	6
75	58	10
75	59	15
75	60	3
75	63	15
75	64	16
75	65	5
75	67	5
75	72	4
75	73	5
75	74	4
75	76	20
75	83	12
75	84	16
75	86	20
75	87	7
75	90	12
75	93	19
75	94	14
75	96	3
75	100	19
75	102	3
75	103	17
75	104	2
75	108	12
75	114	20
75	121	14
75	125	19
75	131	13
75	140	17
75	143	19
75	144	14
75	145	12
75	148	17
75	149	9
75	156	18
75	157	9
75	161	14
75	164	15
75	169	9
75	173	15
75	184	5
75	187	8
75	190	4
75	195	2
75	198	3
76	3	9
76	4	19
76	5	14
76	7	2
76	12	10
76	15	3
76	16	16
76	19	13
76	26	19
76	27	19
76	35	9
76	40	11
76	47	3
76	51	1
76	52	2
76	53	14
76	54	16
76	56	17
76	62	5
76	67	15
76	68	8
76	72	11
76	75	9
76	77	17
76	82	3
76	91	7
76	93	14
76	99	3
76	105	12
76	113	20
76	114	1
76	122	19
76	127	13
76	129	6
76	134	14
76	142	18
76	144	1
76	157	10
76	161	17
76	162	13
76	169	19
76	171	1
76	175	11
76	176	1
76	188	13
76	195	15
77	1	3
77	5	18
77	10	12
77	20	6
77	24	4
77	25	1
77	26	6
77	31	20
77	35	19
77	36	17
77	45	10
77	52	19
77	53	3
77	54	9
77	58	16
77	68	14
77	71	5
77	76	8
77	78	24
77	79	12
77	81	2
77	83	4
77	85	7
77	86	20
77	87	11
77	88	12
77	93	10
77	94	17
77	104	13
77	119	3
77	122	20
77	125	3
77	132	17
77	134	7
77	135	12
77	137	18
77	150	18
77	152	18
77	160	10
77	162	15
77	169	20
77	170	10
77	176	19
77	178	10
77	185	19
77	190	5
77	191	10
77	199	5
78	4	8
78	8	13
78	17	4
78	19	15
78	20	6
78	33	3
78	35	9
78	41	19
78	44	14
78	45	8
78	47	1
78	52	20
78	54	8
78	62	5
78	66	18
78	69	18
78	77	11
78	79	20
78	82	12
78	83	17
78	84	14
78	85	5
78	86	5
78	88	8
78	90	12
78	92	18
78	97	13
78	98	12
78	100	13
78	101	19
78	112	14
78	122	8
78	129	5
78	130	9
78	131	11
78	132	3
78	133	1
78	134	9
78	138	1
78	147	5
78	150	6
78	152	6
78	155	20
78	159	20
78	161	8
78	163	1
78	169	5
78	170	1
78	174	6
78	175	19
78	176	6
78	179	6
78	180	17
78	183	6
78	184	13
78	187	3
78	199	10
78	200	3
79	6	16
79	11	20
79	25	11
79	36	2
79	37	3
79	38	16
79	45	13
79	47	20
79	48	3
79	54	3
79	58	9
79	60	19
79	61	14
79	63	18
79	64	9
79	69	2
79	73	13
79	78	18
79	80	28
79	82	3
79	83	18
79	91	7
79	96	1
79	99	2
79	120	19
79	126	3
79	136	16
79	138	16
79	140	3
79	142	19
79	153	13
79	154	13
79	156	3
79	173	16
79	180	17
79	181	17
79	182	8
79	183	3
79	185	13
79	186	10
79	198	1
79	199	8
79	200	20
80	2	20
80	13	9
80	18	15
80	20	19
80	25	15
80	43	17
80	49	16
80	58	5
80	59	2
80	67	18
80	70	19
80	79	15
80	81	20
80	90	6
80	103	14
80	107	10
80	112	8
80	113	20
80	119	11
80	120	1
80	124	8
80	126	11
80	128	14
80	132	13
80	133	12
80	141	13
80	145	12
80	147	19
80	153	10
80	159	2
80	168	12
80	174	11
80	175	12
80	180	3
80	184	14
80	197	15
80	198	9
81	1	15
81	2	1
81	4	2
81	7	1
81	17	12
81	22	3
81	23	14
81	26	13
81	31	12
81	32	8
81	33	4
81	35	4
81	38	20
81	42	10
81	43	14
81	46	3
81	51	20
81	54	12
81	59	10
81	68	20
81	69	5
81	73	16
81	74	6
81	75	16
81	80	9
81	82	18
81	92	17
81	94	17
81	108	7
81	113	7
81	121	7
81	122	1
81	131	5
81	138	19
81	139	12
81	142	9
81	143	11
81	145	14
81	152	19
81	153	17
81	154	18
81	160	1
81	165	7
81	167	10
81	170	12
81	175	14
81	177	7
81	178	3
81	179	4
81	182	9
81	184	10
81	187	8
81	189	4
81	192	19
81	195	1
81	198	8
82	7	1
82	8	11
82	10	6
82	11	4
82	14	10
82	15	7
82	16	13
82	19	18
82	26	3
82	29	12
82	36	17
82	39	16
82	43	9
82	52	5
82	63	13
82	66	17
82	69	17
82	70	6
82	75	18
82	76	15
82	78	3
82	81	10
82	83	1
82	87	4
82	94	11
82	99	13
82	103	4
82	105	19
82	110	17
82	112	18
82	118	15
82	120	18
82	124	6
82	129	3
82	130	9
82	131	4
82	142	8
82	144	9
82	147	10
82	148	12
82	150	14
82	155	1
82	156	11
82	157	8
82	160	20
82	166	3
82	170	7
82	173	8
82	174	7
82	175	7
82	179	4
82	181	16
82	183	7
82	185	8
82	188	3
82	192	5
82	194	10
82	195	19
82	196	10
82	197	3
83	2	16
83	6	10
83	11	5
83	16	14
83	18	20
83	23	9
83	26	15
83	32	7
83	34	18
83	35	7
83	36	12
83	37	5
83	38	10
83	40	8
83	41	20
83	44	20
83	47	3
83	49	20
83	51	15
83	52	20
83	53	4
83	54	13
83	56	4
83	60	5
83	62	1
83	69	16
83	72	7
83	74	7
83	77	13
83	82	7
83	84	3
83	85	20
83	87	7
83	93	8
83	95	17
83	96	17
83	103	5
83	107	9
83	111	11
83	115	10
83	118	14
83	122	14
83	124	6
83	127	19
83	129	19
83	131	5
83	133	11
83	136	19
83	142	9
83	155	2
83	157	19
83	159	9
83	162	15
83	164	10
83	166	12
83	168	13
83	169	7
83	172	17
83	174	10
83	184	8
83	185	6
83	186	9
83	188	2
83	193	8
84	11	1
84	14	1
84	20	9
84	25	6
84	26	12
84	39	18
84	42	14
84	47	17
84	48	19
84	51	10
84	55	8
84	58	11
84	60	4
84	66	1
84	69	17
84	74	6
84	75	9
84	76	8
84	78	17
84	80	9
84	83	28
84	85	2
84	87	13
84	90	8
84	91	1
84	99	1
84	102	15
84	103	1
84	104	9
84	105	11
84	108	3
84	111	13
84	115	11
84	118	9
84	119	18
84	123	10
84	127	1
84	128	5
84	134	17
84	139	7
84	141	3
84	142	5
84	144	4
84	147	9
84	148	12
84	150	12
84	151	7
84	158	4
84	161	15
84	162	20
84	164	8
84	168	12
84	170	19
84	171	4
84	176	10
84	182	13
84	184	9
84	195	9
85	2	17
85	6	19
85	9	17
85	10	10
85	12	10
85	13	10
85	24	3
85	29	19
85	31	15
85	33	16
85	38	4
85	39	14
85	41	16
85	42	17
85	48	5
85	49	16
85	50	5
85	51	3
85	52	9
85	56	5
85	58	7
85	64	5
85	65	10
85	68	16
85	78	4
85	79	8
85	80	7
85	84	4
85	86	6
85	87	17
85	88	14
85	90	15
85	109	20
85	110	20
85	117	11
85	123	10
85	125	20
85	132	19
85	133	18
85	135	4
85	136	6
85	137	8
85	140	2
85	141	10
85	146	5
85	147	2
85	148	3
85	150	5
85	157	11
85	158	20
85	159	14
85	161	9
85	162	5
85	170	14
85	176	15
85	179	16
85	184	8
85	186	18
85	189	16
85	191	7
85	193	16
85	194	2
85	196	17
85	197	8
86	1	10
86	3	14
86	4	14
86	7	9
86	9	19
86	10	17
86	12	15
86	20	10
86	22	2
86	29	20
86	34	4
86	41	19
86	45	7
86	48	10
86	50	2
86	52	2
86	56	6
86	57	11
86	63	16
86	69	11
86	70	13
86	73	11
86	78	15
86	84	16
86	85	13
86	87	14
86	90	3
86	91	6
86	94	13
86	105	10
86	109	9
86	111	8
86	115	15
86	124	9
86	127	3
86	131	14
86	134	15
86	135	7
86	138	14
86	140	7
86	142	9
86	154	5
86	171	1
86	173	20
86	174	15
86	177	6
86	179	18
86	184	6
86	185	11
86	188	3
86	192	19
86	196	6
86	197	13
86	198	14
87	10	17
87	15	5
87	24	10
87	29	18
87	31	4
87	32	19
87	33	19
87	36	6
87	42	14
87	43	18
87	49	6
87	56	3
87	58	2
87	59	15
87	60	14
87	67	20
87	79	10
87	82	14
87	86	12
87	88	12
87	94	2
87	106	15
87	112	13
87	115	16
87	120	19
87	121	11
87	134	13
87	140	18
87	142	5
87	148	16
87	161	20
87	162	19
87	176	19
87	179	12
87	182	2
87	183	7
87	193	20
87	196	14
88	13	1
88	15	12
88	27	4
88	32	16
88	40	19
88	41	20
88	46	14
88	52	6
88	53	4
88	55	18
88	65	19
88	69	14
88	70	14
88	74	7
88	79	16
88	81	10
88	84	5
88	87	4
88	89	17
88	93	4
88	94	17
88	95	20
88	99	1
88	111	1
88	113	4
88	117	9
88	125	14
88	126	18
88	132	1
88	134	17
88	138	14
88	140	5
88	143	13
88	149	8
88	150	11
88	155	3
88	163	1
88	167	12
88	170	17
88	172	7
88	182	4
88	184	11
88	185	1
88	187	3
88	188	14
88	192	15
88	199	17
89	3	1
89	5	16
89	20	17
89	29	8
89	33	17
89	37	16
89	38	14
89	44	16
89	51	3
89	53	6
89	55	6
89	60	5
89	70	19
89	71	11
89	78	7
89	79	2
89	81	3
89	84	5
89	87	9
89	88	2
89	90	16
89	96	10
89	97	11
89	103	3
89	106	3
89	107	14
89	112	20
89	114	18
89	119	1
89	122	2
89	135	8
89	136	1
89	139	16
89	141	20
89	146	1
89	152	14
89	160	7
89	162	15
89	166	2
89	168	16
89	175	15
89	178	2
89	182	18
89	184	16
89	190	8
89	195	20
89	199	12
90	2	3
90	3	13
90	7	10
90	9	10
90	14	4
90	16	2
90	24	17
90	42	7
90	45	7
90	49	18
90	52	2
90	54	13
90	58	8
90	61	14
90	64	5
90	75	19
90	78	5
90	82	8
90	83	12
90	86	13
90	89	1
90	91	1
90	101	10
90	107	7
90	118	9
90	123	15
90	125	15
90	129	16
90	131	14
90	133	2
90	135	14
90	146	16
90	149	10
90	153	7
90	155	8
90	159	8
90	160	18
90	175	1
90	176	15
90	178	5
90	183	17
90	185	13
90	192	10
90	193	1
90	196	11
90	199	17
90	200	3
91	2	3
91	6	19
91	17	1
91	20	6
91	29	20
91	30	9
91	31	11
91	35	17
91	36	5
91	38	16
91	39	1
91	40	14
91	42	10
91	43	20
91	45	15
91	47	6
91	48	7
91	49	8
91	50	18
91	52	2
91	58	15
91	61	12
91	62	1
91	63	19
91	78	17
91	81	6
91	85	1
91	90	9
91	92	13
91	93	10
91	95	10
91	97	12
91	100	7
91	103	15
91	104	17
91	111	13
91	117	13
91	118	8
91	123	10
91	126	11
91	131	8
91	133	6
91	135	12
91	139	9
91	140	3
91	142	10
91	146	9
91	147	13
91	153	10
91	154	6
91	155	1
91	169	3
91	178	8
91	179	2
91	180	9
91	182	2
91	188	14
91	191	6
91	195	7
92	2	1
92	4	15
92	8	9
92	10	11
92	16	10
92	18	19
92	21	5
92	22	20
92	25	6
92	28	7
92	31	5
92	47	3
92	50	20
92	56	20
92	60	6
92	64	7
92	67	8
92	74	9
92	87	9
92	91	10
92	93	14
92	96	13
92	99	10
92	104	8
92	109	14
92	112	11
92	114	3
92	115	15
92	117	9
92	136	6
92	137	14
92	142	20
92	143	16
92	148	1
92	150	18
92	151	20
92	156	7
92	165	16
92	167	15
92	170	1
92	174	5
92	175	4
92	178	16
92	179	18
92	193	13
92	194	1
92	195	6
92	197	7
92	198	18
93	7	9
93	15	6
93	16	6
93	21	18
93	22	7
93	24	5
93	25	14
93	28	7
93	33	13
93	34	16
93	35	3
93	36	10
93	38	17
93	41	8
93	43	4
93	47	13
93	50	12
93	52	19
93	55	9
93	58	7
93	61	7
93	63	13
93	67	13
93	68	16
93	69	17
93	77	8
93	78	20
93	82	19
93	87	4
93	91	5
93	92	19
93	94	26
93	96	8
93	98	19
93	114	12
93	121	1
93	122	2
93	123	20
93	127	3
93	129	9
93	131	7
93	136	9
93	141	4
93	142	6
93	147	5
93	148	6
93	149	15
93	159	19
93	171	1
93	172	11
93	174	6
93	179	10
93	184	3
93	185	11
93	191	1
93	197	4
94	1	8
94	2	14
94	3	1
94	4	18
94	5	3
94	6	9
94	7	1
94	9	17
94	15	20
94	30	6
94	31	2
94	50	4
94	53	5
94	57	11
94	59	19
94	60	10
94	63	18
94	66	20
94	67	7
94	68	4
94	74	12
94	75	20
94	76	14
94	82	1
94	84	16
94	93	6
94	95	1
94	108	6
94	110	8
94	118	20
94	119	6
94	122	1
94	124	20
94	129	19
94	132	11
94	134	15
94	135	16
94	145	14
94	147	1
94	148	16
94	151	8
94	158	1
94	159	13
94	163	12
94	167	3
94	171	13
94	173	16
94	180	18
94	182	12
94	183	4
94	184	13
94	188	19
94	196	9
95	1	12
95	4	3
95	5	7
95	7	8
95	8	2
95	13	6
95	14	6
95	16	5
95	24	17
95	29	20
95	30	15
95	34	20
95	37	20
95	41	5
95	42	4
95	43	4
95	48	4
95	54	11
95	60	18
95	61	3
95	64	3
95	65	11
95	70	20
95	72	19
95	75	16
95	78	7
95	79	18
95	83	12
95	84	18
95	89	5
95	90	8
95	91	20
95	93	7
95	94	2
95	96	2
95	98	19
95	104	7
95	109	8
95	112	10
95	116	12
95	118	9
95	120	20
95	122	15
95	124	7
95	125	15
95	129	5
95	131	7
95	132	8
95	133	4
95	136	3
95	137	7
95	141	16
95	143	7
95	146	8
95	147	17
95	150	3
95	155	10
95	160	14
95	161	17
95	171	19
95	172	10
95	174	13
95	175	7
95	176	8
95	184	4
95	188	19
95	192	9
95	194	15
95	195	7
95	200	15
96	3	10
96	5	1
96	13	1
96	15	6
96	18	20
96	23	8
96	27	6
96	30	5
96	31	19
96	35	15
96	36	4
96	38	7
96	39	13
96	45	1
96	46	16
96	48	12
96	50	6
96	56	15
96	60	3
96	65	13
96	69	20
96	70	4
96	74	19
96	76	18
96	82	8
96	88	4
96	91	4
96	94	20
96	95	11
96	97	2
96	107	2
96	110	2
96	111	19
96	126	1
96	130	3
96	136	9
96	138	13
96	142	6
96	149	6
96	154	10
96	160	16
96	164	12
96	166	9
96	170	4
96	171	6
96	172	17
96	178	18
96	188	3
96	194	10
96	198	10
96	200	7
97	9	17
97	16	6
97	17	13
97	18	8
97	19	7
97	22	11
97	23	3
97	32	9
97	34	19
97	36	13
97	41	13
97	46	17
97	48	15
97	51	7
97	55	6
97	65	11
97	71	11
97	75	9
97	77	16
97	80	1
97	83	10
97	88	19
97	93	15
97	94	16
97	96	36
97	98	32
97	101	12
97	102	10
97	103	18
97	104	13
97	105	4
97	107	14
97	108	11
97	110	9
97	111	12
97	112	2
97	124	8
97	125	10
97	132	8
97	138	17
97	145	13
97	151	2
97	163	3
97	166	13
97	178	19
97	188	12
97	191	5
97	193	20
97	195	10
97	196	14
98	1	1
98	6	13
98	8	4
98	15	15
98	19	10
98	25	1
98	34	10
98	36	1
98	37	8
98	38	10
98	40	4
98	45	1
98	51	16
98	52	2
98	53	15
98	54	5
98	58	7
98	59	16
98	76	8
98	79	12
98	80	7
98	82	12
98	83	3
98	84	7
98	85	13
98	88	2
98	90	7
98	92	5
98	93	20
98	94	3
98	97	5
98	99	15
98	102	7
98	111	4
98	112	19
98	114	2
98	122	4
98	129	6
98	133	18
98	135	3
98	140	11
98	142	9
98	143	2
98	144	20
98	149	8
98	152	12
98	154	8
98	157	20
98	158	11
98	163	13
98	164	6
98	165	3
98	171	14
98	173	14
98	179	2
98	180	3
98	182	10
98	183	15
98	189	10
98	191	16
99	5	16
99	10	19
99	19	12
99	20	1
99	23	16
99	24	14
99	28	18
99	29	8
99	32	4
99	37	19
99	38	20
99	40	12
99	45	7
99	48	14
99	50	19
99	54	2
99	63	3
99	71	19
99	73	9
99	78	17
99	79	8
99	80	16
99	83	18
99	84	1
99	85	17
99	91	4
99	96	7
99	98	3
99	100	6
99	103	20
99	105	2
99	118	19
99	119	7
99	120	19
99	122	3
99	126	9
99	129	2
99	130	18
99	133	13
99	136	16
99	144	17
99	148	19
99	150	9
99	159	20
99	161	4
99	164	6
99	165	6
99	167	7
99	172	14
99	174	2
99	180	16
99	197	13
100	3	8
100	7	18
100	14	13
100	23	8
100	24	6
100	25	15
100	27	6
100	30	3
100	31	6
100	34	10
100	44	19
100	52	5
100	60	16
100	68	4
100	70	12
100	71	10
100	81	8
100	87	8
100	88	17
100	90	4
100	91	2
100	94	19
100	96	16
100	97	8
100	99	15
100	101	38
100	107	16
100	109	7
100	113	5
100	114	9
100	115	9
100	117	4
100	120	9
100	128	9
100	129	16
100	131	9
100	133	16
100	135	7
100	138	17
100	141	15
100	145	10
100	146	6
100	151	6
100	157	13
100	173	1
100	181	13
100	189	6
100	196	1
100	197	3
100	198	2
101	4	19
101	12	11
101	16	16
101	17	16
101	20	1
101	24	19
101	28	12
101	34	17
101	38	2
101	41	16
101	44	3
101	50	2
101	52	19
101	53	14
101	72	4
101	84	18
101	88	6
101	90	3
101	96	10
101	100	15
101	102	6
101	107	11
101	108	6
101	111	9
101	113	6
101	117	6
101	118	16
101	123	7
101	129	11
101	130	1
101	136	11
101	137	17
101	146	3
101	147	6
101	157	19
101	167	5
101	181	9
101	184	11
101	185	20
101	187	20
101	195	11
101	196	1
101	198	12
101	199	12
102	6	3
102	9	12
102	10	17
102	13	3
102	19	10
102	21	3
102	26	7
102	28	19
102	30	10
102	32	13
102	34	19
102	36	17
102	38	1
102	41	2
102	43	17
102	49	2
102	50	20
102	53	11
102	55	1
102	69	16
102	71	6
102	72	18
102	76	11
102	80	7
102	82	18
102	92	10
102	99	8
102	100	5
102	101	2
102	103	34
102	107	10
102	109	7
102	111	9
102	114	5
102	115	5
102	121	3
102	127	7
102	133	7
102	138	14
102	139	4
102	146	12
102	147	13
102	148	10
102	149	2
102	151	1
102	158	5
102	161	10
102	162	3
102	165	20
102	166	12
102	170	19
102	174	18
102	178	12
102	180	5
102	181	13
102	187	13
102	188	10
102	189	1
102	191	3
102	199	6
103	3	18
103	5	2
103	12	9
103	19	9
103	25	20
103	28	8
103	31	17
103	37	3
103	39	17
103	47	7
103	52	10
103	53	14
103	55	1
103	59	10
103	65	14
103	75	11
103	79	13
103	81	6
103	84	15
103	87	16
103	96	15
103	97	1
103	102	3
103	104	14
103	108	14
103	110	3
103	111	7
103	112	18
103	113	20
103	114	17
103	117	19
103	128	8
103	137	13
103	141	2
103	146	14
103	153	10
103	159	13
103	169	13
103	180	14
103	187	4
103	188	3
103	191	1
103	192	11
103	193	10
103	196	15
103	197	8
103	199	12
104	9	15
104	15	9
104	17	2
104	19	2
104	24	2
104	27	17
104	35	1
104	39	12
104	40	17
104	43	7
104	44	3
104	51	13
104	54	9
104	61	12
104	63	13
104	71	17
104	73	18
104	75	16
104	77	14
104	81	10
104	89	13
104	90	7
104	94	20
104	102	18
104	103	8
104	105	2
104	108	18
104	111	17
104	116	17
104	123	10
104	125	13
104	126	2
104	128	17
104	135	5
104	137	2
104	148	19
104	154	12
104	158	7
104	165	16
104	176	19
104	178	5
104	180	11
104	181	12
104	186	6
104	195	3
104	196	1
104	199	18
105	1	17
105	2	7
105	8	10
105	10	2
105	11	3
105	17	19
105	26	14
105	28	2
105	49	13
105	50	7
105	54	11
105	56	12
105	64	13
105	66	7
105	68	8
105	69	14
105	70	14
105	71	13
105	72	3
105	75	13
105	76	11
105	78	9
105	79	2
105	82	2
105	91	17
105	92	19
105	104	4
105	106	15
105	109	10
105	113	11
105	114	14
105	122	2
105	123	5
105	124	6
105	133	8
105	138	3
105	144	3
105	145	11
105	151	15
105	154	17
105	156	2
105	160	19
105	163	17
105	168	15
105	175	16
105	176	10
105	192	18
105	196	12
106	7	1
106	9	17
106	11	18
106	13	4
106	17	9
106	19	16
106	25	20
106	28	3
106	37	3
106	42	15
106	54	13
106	56	7
106	57	18
106	61	11
106	68	15
106	74	16
106	75	11
106	77	11
106	78	1
106	82	1
106	84	15
106	85	3
106	98	16
106	102	16
106	105	9
106	107	8
106	108	19
106	111	13
106	116	16
106	118	20
106	122	12
106	124	2
106	127	1
106	137	18
106	138	10
106	140	10
106	143	4
106	144	11
106	145	20
106	148	19
106	149	16
106	162	16
106	166	8
106	174	8
106	182	17
106	184	12
106	185	19
106	186	9
106	189	20
106	198	6
107	6	12
107	8	17
107	10	19
107	11	11
107	12	17
107	15	10
107	22	2
107	23	12
107	24	10
107	27	7
107	39	10
107	40	17
107	41	17
107	42	19
107	44	9
107	55	11
107	57	17
107	61	16
107	62	5
107	70	20
107	72	15
107	78	20
107	79	6
107	83	14
107	87	12
107	88	15
107	95	7
107	96	2
107	100	10
107	106	7
107	108	3
107	111	5
107	116	19
107	121	3
107	124	19
107	125	13
107	128	5
107	129	9
107	130	3
107	131	19
107	132	7
107	134	7
107	136	4
107	139	8
107	141	12
107	144	20
107	145	8
107	148	9
107	157	10
107	160	12
107	162	1
107	163	12
107	164	5
107	171	11
107	175	4
107	177	4
107	181	1
107	182	5
107	184	9
107	191	13
107	195	14
107	198	15
107	199	13
107	200	11
108	8	13
108	17	17
108	19	5
108	21	16
108	25	14
108	27	8
108	30	13
108	37	4
108	44	11
108	48	6
108	51	15
108	52	14
108	54	17
108	55	3
108	61	13
108	65	7
108	66	16
108	69	11
108	73	13
108	76	6
108	78	18
108	79	11
108	81	20
108	82	1
108	84	10
108	93	11
108	94	14
108	98	6
108	99	3
108	105	14
108	106	5
108	107	3
108	109	16
108	112	3
108	115	20
108	117	8
108	122	5
108	123	13
108	132	2
108	135	12
108	137	1
108	141	6
108	142	2
108	143	4
108	146	9
108	152	19
108	160	12
108	164	4
108	166	11
108	178	1
108	180	20
108	183	11
108	184	9
108	190	10
108	191	19
108	199	17
108	200	15
109	3	6
109	6	3
109	11	15
109	14	1
109	20	4
109	21	19
109	24	7
109	30	17
109	35	19
109	36	4
109	37	3
109	44	7
109	45	5
109	46	9
109	47	13
109	49	4
109	56	5
109	60	10
109	62	14
109	65	20
109	67	4
109	69	13
109	78	5
109	83	14
109	87	2
109	88	19
109	89	9
109	90	2
109	97	11
109	99	9
109	100	9
109	105	2
109	107	6
109	108	32
109	110	15
109	111	16
109	113	7
109	115	6
109	123	13
109	126	3
109	127	15
109	135	5
109	141	8
109	142	11
109	145	6
109	146	16
109	151	6
109	152	11
109	157	20
109	161	18
109	162	16
109	166	10
109	168	4
109	169	16
109	170	12
109	171	7
109	172	3
109	175	15
109	178	14
109	179	16
109	187	1
109	195	10
109	197	15
109	199	16
110	5	5
110	9	17
110	12	3
110	21	2
110	22	2
110	27	7
110	28	6
110	30	17
110	31	7
110	32	18
110	33	13
110	37	11
110	39	11
110	40	8
110	41	13
110	43	9
110	46	10
110	47	9
110	48	13
110	50	18
110	55	14
110	60	13
110	63	19
110	69	15
110	70	14
110	76	4
110	79	17
110	81	11
110	96	17
110	97	3
110	108	8
110	109	1
110	111	24
110	113	1
110	116	1
110	118	14
110	126	11
110	133	10
110	137	13
110	148	2
110	153	4
110	159	9
110	160	17
110	161	11
110	165	16
110	170	20
110	171	12
110	174	14
110	175	4
110	176	11
110	185	8
110	187	17
110	188	10
110	196	19
110	197	2
111	4	15
111	10	13
111	23	16
111	25	16
111	26	14
111	30	12
111	38	18
111	44	3
111	48	20
111	50	17
111	51	8
111	53	3
111	56	9
111	61	4
111	64	10
111	67	4
111	69	11
111	76	13
111	83	19
111	85	20
111	88	18
111	99	17
111	101	6
111	102	2
111	109	12
111	110	15
111	112	24
111	118	20
111	119	16
111	121	20
111	123	2
111	132	8
111	138	17
111	139	13
111	140	19
111	145	11
111	150	7
111	151	17
111	153	4
111	156	16
111	160	13
111	161	17
111	162	15
111	165	8
111	167	2
111	170	3
111	172	5
111	176	15
111	179	7
111	182	2
111	183	4
111	185	10
111	188	2
111	190	5
111	199	6
111	200	9
112	3	19
112	6	19
112	12	6
112	19	17
112	23	20
112	24	5
112	27	19
112	28	7
112	38	3
112	39	4
112	40	1
112	41	2
112	44	4
112	53	2
112	54	2
112	61	8
112	70	1
112	75	3
112	81	14
112	97	1
112	108	17
112	111	19
112	113	4
112	126	13
112	128	12
112	132	11
112	135	15
112	141	9
112	149	2
112	150	11
112	152	2
112	155	6
112	157	2
112	162	13
112	163	13
112	165	1
112	176	11
112	177	13
112	178	19
112	179	19
112	183	8
112	187	20
112	188	20
112	198	20
113	1	14
113	7	5
113	18	2
113	19	18
113	23	16
113	26	8
113	27	7
113	40	17
113	42	7
113	43	5
113	49	1
113	50	3
113	54	1
113	55	9
113	56	10
113	61	18
113	63	10
113	69	5
113	72	10
113	74	19
113	81	17
113	83	14
113	84	18
113	88	6
113	92	13
113	93	13
113	96	7
113	100	15
113	103	12
113	107	4
113	110	3
113	112	19
113	114	6
113	116	10
113	117	19
113	119	3
113	120	7
113	126	11
113	127	3
113	130	2
113	135	7
113	139	19
113	145	17
113	146	18
113	157	15
113	158	15
113	161	15
113	164	14
113	167	9
113	168	19
113	180	2
113	186	8
113	194	19
113	199	17
114	5	6
114	8	13
114	15	7
114	24	13
114	25	15
114	28	20
114	29	4
114	32	19
114	45	20
114	48	19
114	49	4
114	50	18
114	51	17
114	55	15
114	64	14
114	66	9
114	67	15
114	69	17
114	70	11
114	71	8
114	77	19
114	84	13
114	85	3
114	88	15
114	93	5
114	96	12
114	99	2
114	102	14
114	107	4
114	110	14
114	113	2
114	115	34
114	117	13
114	122	3
114	126	11
114	127	3
114	132	19
114	134	5
114	136	9
114	148	10
114	150	5
114	155	4
114	160	3
114	167	9
114	169	13
114	178	9
114	183	8
114	185	17
114	190	2
114	192	15
114	194	17
114	195	4
114	196	16
115	7	1
115	8	18
115	11	11
115	19	10
115	23	3
115	27	4
115	29	12
115	31	9
115	32	16
115	37	19
115	39	18
115	41	3
115	43	10
115	46	7
115	49	3
115	52	10
115	54	7
115	57	19
115	59	11
115	77	19
115	88	5
115	96	14
115	98	5
115	99	9
115	103	4
115	104	13
115	110	12
115	114	8
115	116	15
115	119	4
115	123	11
115	128	9
115	133	4
115	144	12
115	162	13
115	176	5
115	181	20
115	187	10
115	190	4
115	191	19
115	192	11
115	197	18
115	200	19
116	6	3
116	7	6
116	10	14
116	27	4
116	29	19
116	31	3
116	37	5
116	38	20
116	40	4
116	41	10
116	47	15
116	48	5
116	49	11
116	51	6
116	52	3
116	53	12
116	55	11
116	56	19
116	58	10
116	62	2
116	80	5
116	86	2
116	87	6
116	89	13
116	98	4
116	100	14
116	108	8
116	114	18
116	115	4
116	117	13
116	119	4
116	132	14
116	135	2
116	144	3
116	152	12
116	158	5
116	161	5
116	166	11
116	169	19
116	173	15
116	175	12
116	176	11
116	177	14
116	179	2
116	181	4
116	182	18
116	184	7
116	185	11
116	187	14
116	190	9
116	193	8
116	198	12
117	3	12
117	5	14
117	7	19
117	15	11
117	17	11
117	18	5
117	20	20
117	21	14
117	26	10
117	27	3
117	29	9
117	33	9
117	36	11
117	39	15
117	44	19
117	47	5
117	52	5
117	57	15
117	64	18
117	65	10
117	68	6
117	69	14
117	70	14
117	72	11
117	79	8
117	85	16
117	86	1
117	87	17
117	88	3
117	89	2
117	97	9
117	100	4
117	102	5
117	105	6
117	114	3
117	116	5
117	118	13
117	120	6
117	125	6
117	132	15
117	139	8
117	141	6
117	144	10
117	147	19
117	151	11
117	154	11
117	155	14
117	157	1
117	164	4
117	170	1
117	174	10
117	187	4
117	189	12
117	190	2
117	191	10
117	192	11
117	193	9
117	195	20
117	196	17
117	197	13
117	199	5
118	1	10
118	2	8
118	5	3
118	15	11
118	20	1
118	22	8
118	24	3
118	25	18
118	33	9
118	34	2
118	36	10
118	39	9
118	45	17
118	49	9
118	53	17
118	54	1
118	57	12
118	64	20
118	65	14
118	69	2
118	75	4
118	77	19
118	81	4
118	86	6
118	91	16
118	95	9
118	97	1
118	99	1
118	102	8
118	103	8
118	111	20
118	113	10
118	115	12
118	117	18
118	119	30
118	134	10
118	135	15
118	136	15
118	142	13
118	143	13
118	147	1
118	152	7
118	156	17
118	165	18
118	168	16
118	174	8
118	181	13
118	183	20
118	187	16
118	189	3
118	195	15
118	199	3
119	2	1
119	7	3
119	16	16
119	20	16
119	21	3
119	34	1
119	36	5
119	40	2
119	42	13
119	56	8
119	60	5
119	61	18
119	63	1
119	67	1
119	68	8
119	76	10
119	77	7
119	80	2
119	81	5
119	82	1
119	84	15
119	92	20
119	96	9
119	98	8
119	101	4
119	102	3
119	107	5
119	116	15
119	117	8
119	118	20
119	120	11
119	122	5
119	129	5
119	131	13
119	134	14
119	137	16
119	141	2
119	145	13
119	147	8
119	152	16
119	155	5
119	159	15
119	160	9
119	162	5
119	169	16
119	174	11
119	175	10
119	180	7
119	184	11
119	188	15
119	191	17
119	192	8
119	194	15
120	4	12
120	7	7
120	8	15
120	15	15
120	18	6
120	21	15
120	28	1
120	29	20
120	30	16
120	33	1
120	54	17
120	58	6
120	71	1
120	81	19
120	95	3
120	98	2
120	101	11
120	103	15
120	106	7
120	109	2
120	112	16
120	115	19
120	117	3
120	119	19
120	121	18
120	122	6
120	137	19
120	138	14
120	140	15
120	142	13
120	143	17
120	148	3
120	169	1
120	175	19
120	182	3
120	189	12
120	195	11
120	198	8
120	200	3
121	3	1
121	9	15
121	16	17
121	20	12
121	22	6
121	27	1
121	34	20
121	35	11
121	38	17
121	48	13
121	54	19
121	57	10
121	58	18
121	62	11
121	63	4
121	67	2
121	71	10
121	73	12
121	81	10
121	96	2
121	97	6
121	102	12
121	110	19
121	113	1
121	114	3
121	116	18
121	120	1
121	122	2
121	129	11
121	136	14
121	140	14
121	141	1
121	146	7
121	148	1
121	149	17
121	151	6
121	153	1
121	155	18
121	159	11
121	164	4
121	174	18
121	180	8
121	192	17
121	198	7
121	200	13
122	2	12
122	5	8
122	8	11
122	9	3
122	10	8
122	11	15
122	19	20
122	20	15
122	22	18
122	23	9
122	27	5
122	28	11
122	29	15
122	39	15
122	43	10
122	48	15
122	49	10
122	55	4
122	65	18
122	69	8
122	72	18
122	77	12
122	78	12
122	83	3
122	93	2
122	95	3
122	96	15
122	98	19
122	103	15
122	105	17
122	109	4
122	118	6
122	120	3
122	121	5
122	123	18
122	126	11
122	130	9
122	131	16
122	134	19
122	136	15
122	140	4
122	144	7
122	147	10
122	148	17
122	152	18
122	157	17
122	160	10
122	163	3
122	174	2
122	178	12
122	184	15
122	188	20
122	190	18
122	191	2
123	3	5
123	6	2
123	9	17
123	11	14
123	15	12
123	21	7
123	22	14
123	31	2
123	36	20
123	45	11
123	54	20
123	56	12
123	60	16
123	63	14
123	64	13
123	72	11
123	73	15
123	76	3
123	79	20
123	82	19
123	83	12
123	85	12
123	86	13
123	90	8
123	101	20
123	108	4
123	112	7
123	116	3
123	120	12
123	122	18
123	124	12
123	127	11
123	133	2
123	134	2
123	137	19
123	142	3
123	145	3
123	153	2
123	155	12
123	159	15
123	164	9
123	167	1
123	170	2
123	172	4
123	181	8
123	182	15
123	191	19
123	195	18
123	197	19
123	199	2
124	5	10
124	11	3
124	13	13
124	17	8
124	22	16
124	23	18
124	28	20
124	30	16
124	31	19
124	32	18
124	34	20
124	35	17
124	36	14
124	39	19
124	41	14
124	44	7
124	48	13
124	50	16
124	57	19
124	59	8
124	73	2
124	74	4
124	82	3
124	84	3
124	91	11
124	97	13
124	117	4
124	123	22
124	125	15
124	128	14
124	134	6
124	138	7
124	142	4
124	145	14
124	146	11
124	148	18
124	150	13
124	156	17
124	159	17
124	162	17
124	163	4
124	165	17
124	170	13
124	171	17
124	173	1
124	174	18
124	177	2
124	183	10
124	187	12
124	189	14
124	192	2
124	194	7
124	199	16
124	200	8
125	7	8
125	9	2
125	11	20
125	13	20
125	14	16
125	19	14
125	22	5
125	23	7
125	26	15
125	31	17
125	32	4
125	36	5
125	37	7
125	38	7
125	43	6
125	47	14
125	48	3
125	51	15
125	54	3
125	55	14
125	62	14
125	65	19
125	73	6
125	76	19
125	90	7
125	98	2
125	105	3
125	107	17
125	113	1
125	115	10
125	118	14
125	122	19
125	124	11
125	126	1
125	129	5
125	135	12
125	136	9
125	139	2
125	147	5
125	148	8
125	149	3
125	150	11
125	155	5
125	156	19
125	159	7
125	162	14
125	165	9
125	167	19
125	169	10
125	171	15
125	173	3
125	177	10
125	178	19
125	181	14
125	182	20
125	186	3
125	190	6
125	191	6
126	2	18
126	3	2
126	15	6
126	20	3
126	23	15
126	35	18
126	37	2
126	39	11
126	40	20
126	43	15
126	46	12
126	49	20
126	52	10
126	65	3
126	67	13
126	68	6
126	75	7
126	76	15
126	78	12
126	82	5
126	83	2
126	85	8
126	86	12
126	87	19
126	91	13
126	96	12
126	103	19
126	110	13
126	111	8
126	113	3
126	114	15
126	115	12
126	118	11
126	120	7
126	121	15
126	125	12
126	127	20
126	130	14
126	136	17
126	138	14
126	140	13
126	143	20
126	145	16
126	151	14
126	155	15
126	157	12
126	161	11
126	174	8
126	176	2
126	182	5
126	183	20
126	185	14
126	189	3
126	194	14
126	197	13
126	199	12
127	9	15
127	10	16
127	12	14
127	14	14
127	15	6
127	16	2
127	19	3
127	26	20
127	28	7
127	48	7
127	49	13
127	51	19
127	52	20
127	53	20
127	59	20
127	70	7
127	74	16
127	78	1
127	80	19
127	84	13
127	86	5
127	87	6
127	91	8
127	93	6
127	95	9
127	96	18
127	97	15
127	99	7
127	106	14
127	108	19
127	125	12
127	126	7
127	128	8
127	133	11
127	136	15
127	146	7
127	147	11
127	150	13
127	157	7
127	164	19
127	169	17
127	171	5
127	172	3
127	173	16
127	175	5
127	176	16
127	179	8
127	180	16
127	183	16
127	192	17
127	194	16
127	195	5
127	196	2
128	7	2
128	13	20
128	15	20
128	16	19
128	30	18
128	33	7
128	42	3
128	49	10
128	52	3
128	55	7
128	58	18
128	59	18
128	62	17
128	73	14
128	82	10
128	83	8
128	85	6
128	92	1
128	98	14
128	106	1
128	109	10
128	111	18
128	114	7
128	116	18
128	118	10
128	119	11
128	120	1
128	123	14
128	127	34
128	129	5
128	130	6
128	133	10
128	135	13
128	138	12
128	141	16
128	145	7
128	148	13
128	151	16
128	161	7
128	166	10
128	170	15
128	174	1
128	179	1
128	181	3
128	186	19
128	188	5
128	189	20
128	191	9
128	193	19
128	197	1
129	6	12
129	11	20
129	24	13
129	30	17
129	44	14
129	50	14
129	51	12
129	57	4
129	61	3
129	63	4
129	64	15
129	66	9
129	67	13
129	68	15
129	75	13
129	80	7
129	91	16
129	93	2
129	96	4
129	97	7
129	101	6
129	103	3
129	115	17
129	126	19
129	128	15
129	130	16
129	134	6
129	140	20
129	144	12
129	146	17
129	152	1
129	162	8
129	163	18
129	164	1
129	174	5
129	177	17
129	184	3
129	187	20
129	188	2
129	193	19
129	195	10
129	196	12
129	198	14
129	199	16
130	11	13
130	12	5
130	13	19
130	14	3
130	16	2
130	20	20
130	21	3
130	22	13
130	34	2
130	38	4
130	42	17
130	44	19
130	47	7
130	59	7
130	61	19
130	64	7
130	69	8
130	72	2
130	84	10
130	88	17
130	90	15
130	93	18
130	98	6
130	104	9
130	105	18
130	106	6
130	109	13
130	111	15
130	112	19
130	117	11
130	122	18
130	129	20
130	131	14
130	134	20
130	141	1
130	145	6
130	146	20
130	154	6
130	162	3
130	163	17
130	165	17
130	180	13
130	184	9
130	187	14
130	198	1
131	5	15
131	7	18
131	8	11
131	9	4
131	13	8
131	17	13
131	19	15
131	29	16
131	31	15
131	35	19
131	38	17
131	39	20
131	43	2
131	44	5
131	46	19
131	49	14
131	52	5
131	54	10
131	60	18
131	65	10
131	70	17
131	78	6
131	81	5
131	84	5
131	85	1
131	86	11
131	87	20
131	90	7
131	94	17
131	98	10
131	100	14
131	105	15
131	107	19
131	109	12
131	110	14
131	117	4
131	127	19
131	130	8
131	132	6
131	134	19
131	137	14
131	142	20
131	143	1
131	145	20
131	148	15
131	150	8
131	151	16
131	157	18
131	166	9
131	167	20
131	168	3
131	175	16
131	180	14
131	183	13
131	191	11
131	197	1
132	2	8
132	5	20
132	6	9
132	11	6
132	15	4
132	18	2
132	21	3
132	22	17
132	23	2
132	25	10
132	32	7
132	37	20
132	38	17
132	42	19
132	47	2
132	50	1
132	53	14
132	57	10
132	70	3
132	75	7
132	83	18
132	89	3
132	90	4
132	91	2
132	97	16
132	102	1
132	110	1
132	113	5
132	114	8
132	116	8
132	119	17
132	122	13
132	130	8
132	131	15
132	133	13
132	139	18
132	151	1
132	155	20
132	157	2
132	158	2
132	163	11
132	164	9
132	174	18
132	181	13
132	186	3
132	191	14
132	193	13
132	196	11
133	1	1
133	2	1
133	3	13
133	8	14
133	12	15
133	15	12
133	17	15
133	22	10
133	25	12
133	27	15
133	35	15
133	43	18
133	47	13
133	52	17
133	57	16
133	58	7
133	63	11
133	67	14
133	69	8
133	72	12
133	73	3
133	74	9
133	77	14
133	80	4
133	85	7
133	86	5
133	88	8
133	95	1
133	96	2
133	97	1
133	98	15
133	105	12
133	106	4
133	111	7
133	119	8
133	122	14
133	124	7
133	128	19
133	129	20
133	130	5
133	131	20
133	132	4
133	134	1
133	135	10
133	139	10
133	141	17
133	142	16
133	143	19
133	144	12
133	146	9
133	148	13
133	151	12
133	157	9
133	162	16
133	166	17
133	168	18
133	170	15
133	171	19
133	175	4
133	189	14
133	190	11
133	199	10
134	10	20
134	25	20
134	27	13
134	28	6
134	31	6
134	38	13
134	53	17
134	54	15
134	69	13
134	70	15
134	76	2
134	85	12
134	86	15
134	93	14
134	94	12
134	99	5
134	100	18
134	102	6
134	108	17
134	112	2
134	116	11
134	121	9
134	123	16
134	128	3
134	132	4
134	133	8
134	135	19
134	138	19
134	141	17
134	153	13
134	158	8
134	159	16
134	161	19
134	163	13
134	164	15
134	166	15
134	170	16
134	171	13
134	174	2
134	177	11
134	178	18
134	182	4
134	187	11
134	190	10
134	196	4
134	198	13
134	200	11
135	3	12
135	6	20
135	7	15
135	14	20
135	24	18
135	46	14
135	47	14
135	53	5
135	56	6
135	57	16
135	58	9
135	60	13
135	70	8
135	76	16
135	80	3
135	83	13
135	86	13
135	90	12
135	96	3
135	99	16
135	100	18
135	106	17
135	110	18
135	112	4
135	117	4
135	124	19
135	127	4
135	131	19
135	134	6
135	136	4
135	138	15
135	141	13
135	142	8
135	146	18
135	148	8
135	154	12
135	156	11
135	157	3
135	161	19
135	166	10
135	178	8
135	179	3
135	180	16
135	182	5
135	189	11
135	190	9
135	192	3
136	1	2
136	5	19
136	15	10
136	18	11
136	21	20
136	22	10
136	26	6
136	27	20
136	28	19
136	30	8
136	32	20
136	33	4
136	37	2
136	41	4
136	62	14
136	63	5
136	75	10
136	77	1
136	79	4
136	80	16
136	86	10
136	90	18
136	93	19
136	97	17
136	99	2
136	102	4
136	104	9
136	106	8
136	108	3
136	114	13
136	118	7
136	120	16
136	121	10
136	135	3
136	137	5
136	139	4
136	142	19
136	143	2
136	144	10
136	146	19
136	153	3
136	154	14
136	156	6
136	159	19
136	165	19
136	166	13
136	167	16
136	190	5
136	192	5
136	196	1
136	198	14
137	2	12
137	4	6
137	7	9
137	8	13
137	10	3
137	11	15
137	13	1
137	15	8
137	18	8
137	19	4
137	20	20
137	22	6
137	25	10
137	27	5
137	28	9
137	34	12
137	36	4
137	37	7
137	43	18
137	45	7
137	47	7
137	51	6
137	60	1
137	65	4
137	71	20
137	75	12
137	76	11
137	81	4
137	82	9
137	86	7
137	89	6
137	93	14
137	96	6
137	97	10
137	98	11
137	109	10
137	110	15
137	111	1
137	117	8
137	119	7
137	124	17
137	125	2
137	132	20
137	133	15
137	136	34
137	138	7
137	152	8
137	161	9
137	162	6
137	171	11
137	183	8
137	185	13
137	188	9
137	189	10
137	190	10
137	194	20
137	195	10
137	198	16
137	199	17
138	4	20
138	18	20
138	19	3
138	20	5
138	23	3
138	26	8
138	35	18
138	38	16
138	43	19
138	47	3
138	49	11
138	51	8
138	60	10
138	63	18
138	64	12
138	65	7
138	66	20
138	68	8
138	72	1
138	76	19
138	86	7
138	89	15
138	97	2
138	101	17
138	105	9
138	106	8
138	107	6
138	109	19
138	110	12
138	114	9
138	119	15
138	120	12
138	121	11
138	127	2
138	131	11
138	133	18
138	137	16
138	139	6
138	140	18
138	142	8
138	143	19
138	144	15
138	149	14
138	151	19
138	152	6
138	153	4
138	154	16
138	160	14
138	163	20
138	168	4
138	170	7
138	193	6
138	195	7
139	8	6
139	13	5
139	14	20
139	18	6
139	21	17
139	22	2
139	23	10
139	41	12
139	42	17
139	43	5
139	47	8
139	48	14
139	50	14
139	51	6
139	57	11
139	68	9
139	70	4
139	77	6
139	81	4
139	92	1
139	94	3
139	95	12
139	97	19
139	100	3
139	101	6
139	104	4
139	108	18
139	109	9
139	112	8
139	117	3
139	119	1
139	120	13
139	123	16
139	130	1
139	133	12
139	138	1
139	140	4
139	143	12
139	144	8
139	148	11
139	151	13
139	152	2
139	153	11
139	159	4
139	166	16
139	167	19
139	168	5
139	170	2
139	174	12
139	176	10
139	180	11
139	185	16
139	186	10
139	189	20
139	191	18
139	192	6
139	198	13
140	1	10
140	3	12
140	4	15
140	12	14
140	15	11
140	16	13
140	19	19
140	20	8
140	22	19
140	27	18
140	29	4
140	30	11
140	39	8
140	40	4
140	41	6
140	49	17
140	58	9
140	59	1
140	63	12
140	65	20
140	67	4
140	76	6
140	78	15
140	80	5
140	86	4
140	90	6
140	92	6
140	93	18
140	96	14
140	101	6
140	125	3
140	139	1
140	141	16
140	147	13
140	148	11
140	149	4
140	150	18
140	151	1
140	162	17
140	165	14
140	166	9
140	175	6
140	180	11
140	187	20
140	190	16
140	200	7
141	11	13
141	18	8
141	26	16
141	29	8
141	35	16
141	48	13
141	56	7
141	57	14
141	59	19
141	66	3
141	83	16
141	90	12
141	98	1
141	100	2
141	101	9
141	103	19
141	107	6
141	111	5
141	118	18
141	122	6
141	134	7
141	138	2
141	139	11
141	140	15
141	142	6
141	143	9
141	144	17
141	151	12
141	152	13
141	153	15
141	157	12
141	158	19
141	164	20
141	168	17
141	175	6
141	177	10
141	180	14
141	181	12
141	196	10
141	200	2
142	4	6
142	6	4
142	15	3
142	33	11
142	36	1
142	39	1
142	41	7
142	45	15
142	48	3
142	49	8
142	52	17
142	53	9
142	60	11
142	65	14
142	70	17
142	71	19
142	76	17
142	84	12
142	85	18
142	91	2
142	93	17
142	99	18
142	102	1
142	106	7
142	109	18
142	111	7
142	112	18
142	113	2
142	115	13
142	116	20
142	123	17
142	126	5
142	128	8
142	129	7
142	130	12
142	131	10
142	136	7
142	141	20
142	143	2
142	144	7
142	147	7
142	158	1
142	159	11
142	161	1
142	171	16
142	182	7
142	191	19
142	192	12
142	196	2
143	1	1
143	10	19
143	12	4
143	16	15
143	32	15
143	33	6
143	37	3
143	40	4
143	41	7
143	47	15
143	51	18
143	52	12
143	53	6
143	59	18
143	60	1
143	68	15
143	70	16
143	72	18
143	73	19
143	77	20
143	85	20
143	90	8
143	91	8
143	96	8
143	97	15
143	99	19
143	103	5
143	106	17
143	107	6
143	108	1
143	110	1
143	112	17
143	115	6
143	116	8
143	119	4
143	123	14
143	124	3
143	136	13
143	140	15
143	142	6
143	144	8
143	146	17
143	149	17
143	151	10
143	152	20
143	154	1
143	156	2
143	160	4
143	162	5
143	163	11
143	169	15
143	187	2
143	193	3
143	194	15
143	195	4
143	196	6
143	199	1
143	200	3
144	8	9
144	9	17
144	13	5
144	22	6
144	31	14
144	41	5
144	42	18
144	52	12
144	63	13
144	64	9
144	65	11
144	79	9
144	85	19
144	86	14
144	94	16
144	99	8
144	104	17
144	114	2
144	117	9
144	118	9
144	119	5
144	120	20
144	124	3
144	125	12
144	127	17
144	134	19
144	142	9
144	143	6
144	145	40
144	147	19
144	148	9
144	150	15
144	163	20
144	173	16
144	176	11
144	177	5
144	179	13
144	182	4
144	186	13
145	3	2
145	8	19
145	9	16
145	12	7
145	17	17
145	21	5
145	24	2
145	33	4
145	37	15
145	39	12
145	47	6
145	50	13
145	52	20
145	53	11
145	61	19
145	64	3
145	68	14
145	69	15
145	82	8
145	91	18
145	92	4
145	95	7
145	97	14
145	106	1
145	107	14
145	128	11
145	129	12
145	131	20
145	135	13
145	144	13
145	146	16
145	155	9
145	156	17
145	158	8
145	161	5
145	171	2
145	172	2
145	186	14
145	187	13
145	188	18
145	191	13
145	192	2
145	199	17
146	10	5
146	25	18
146	26	18
146	29	9
146	37	13
146	44	13
146	46	7
146	48	10
146	66	19
146	67	10
146	70	6
146	71	10
146	72	14
146	73	4
146	74	10
146	101	14
146	102	2
146	103	6
146	111	18
146	116	10
146	128	2
146	129	2
146	133	4
146	135	3
146	140	18
146	145	2
146	147	8
146	150	14
146	161	6
146	163	13
146	164	13
146	174	9
146	175	4
146	178	20
146	180	15
146	187	14
146	192	10
146	193	16
146	199	12
147	1	14
147	3	18
147	4	2
147	11	18
147	27	8
147	31	2
147	34	12
147	38	10
147	40	12
147	42	20
147	48	11
147	49	12
147	50	20
147	52	10
147	58	1
147	66	13
147	67	13
147	68	4
147	74	4
147	87	12
147	89	18
147	93	10
147	101	16
147	103	11
147	104	8
147	108	6
147	111	11
147	123	12
147	129	2
147	130	1
147	136	19
147	146	8
147	148	14
147	152	6
147	159	8
147	160	18
147	162	10
147	166	3
147	169	15
147	181	6
147	182	6
147	183	1
147	190	3
147	191	20
147	197	19
147	200	14
148	1	12
148	2	3
148	5	11
148	7	3
148	9	14
148	11	15
148	33	16
148	35	1
148	38	19
148	40	13
148	41	16
148	46	1
148	48	8
148	58	8
148	65	8
148	66	2
148	75	4
148	77	5
148	78	4
148	79	11
148	81	9
148	83	6
148	84	16
148	93	13
148	97	13
148	98	7
148	110	14
148	119	8
148	121	13
148	122	20
148	132	10
148	135	20
148	141	20
148	142	1
148	147	5
148	149	6
148	151	10
148	157	17
148	158	13
148	163	3
148	164	10
148	165	9
148	174	20
148	187	4
148	188	15
148	193	6
148	195	7
149	5	18
149	6	18
149	15	2
149	22	17
149	25	18
149	29	18
149	33	9
149	36	11
149	38	19
149	46	18
149	49	4
149	51	4
149	53	1
149	58	16
149	63	6
149	66	17
149	74	19
149	78	3
149	86	20
149	88	2
149	89	20
149	93	1
149	97	13
149	98	1
149	103	7
149	107	12
149	111	18
149	115	15
149	121	4
149	133	8
149	135	5
149	137	7
149	139	19
149	146	9
149	148	20
149	150	8
149	153	15
149	167	8
149	177	1
149	178	4
149	179	3
149	193	19
149	197	7
150	11	6
150	16	4
150	19	7
150	20	11
150	23	14
150	25	10
150	27	10
150	28	11
150	34	8
150	40	5
150	50	16
150	54	8
150	55	14
150	58	10
150	60	16
150	61	18
150	63	2
150	64	9
150	65	10
150	68	12
150	76	8
150	87	14
150	89	8
150	106	2
150	109	3
150	111	19
150	115	3
150	118	17
150	120	10
150	132	14
150	135	17
150	139	2
150	143	6
150	148	12
150	149	19
150	151	16
150	156	8
150	159	8
150	166	3
150	169	8
150	170	13
150	172	7
150	173	14
150	176	3
150	181	2
150	182	4
150	186	9
150	188	4
150	195	19
150	200	12
151	1	18
151	4	1
151	7	2
151	8	20
151	9	16
151	15	18
151	19	6
151	22	17
151	32	3
151	36	12
151	41	18
151	47	2
151	50	5
151	52	4
151	57	12
151	58	7
151	59	16
151	61	13
151	62	19
151	63	9
151	67	11
151	71	15
151	74	19
151	75	17
151	76	20
151	77	3
151	78	19
151	82	7
151	87	8
151	92	13
151	97	4
151	102	15
151	103	12
151	107	16
151	115	4
151	122	2
151	128	20
151	129	2
151	131	13
151	138	8
151	150	13
151	152	14
151	153	19
151	161	3
151	165	11
151	169	8
151	177	9
151	181	10
151	189	20
151	192	3
151	200	19
152	7	9
152	10	11
152	12	2
152	14	12
152	18	12
152	20	9
152	23	11
152	24	18
152	27	16
152	31	10
152	36	8
152	45	16
152	47	15
152	51	10
152	58	3
152	61	13
152	62	13
152	63	8
152	73	5
152	79	17
152	83	2
152	86	17
152	87	15
152	96	18
152	104	18
152	107	4
152	110	16
152	115	17
152	117	3
152	118	7
152	120	1
152	121	13
152	127	12
152	128	4
152	136	3
152	137	7
152	142	1
152	145	6
152	148	4
152	151	15
152	153	2
152	157	11
152	159	16
152	163	15
152	165	19
152	166	6
152	167	6
152	173	19
152	175	18
152	176	13
152	185	15
152	186	15
152	187	12
152	191	18
152	193	2
152	199	8
153	1	17
153	3	13
153	6	5
153	9	1
153	19	18
153	20	8
153	22	8
153	26	8
153	31	17
153	33	15
153	35	20
153	36	17
153	40	16
153	41	20
153	44	16
153	45	10
153	55	13
153	56	15
153	62	14
153	67	19
153	72	5
153	78	1
153	88	19
153	89	14
153	94	8
153	105	14
153	107	1
153	113	15
153	114	2
153	120	2
153	121	10
153	122	14
153	123	17
153	125	15
153	126	2
153	130	6
153	134	3
153	140	5
153	141	17
153	148	17
153	149	8
153	152	19
153	154	11
153	164	11
153	165	20
153	166	20
153	172	4
153	178	9
153	181	20
153	186	8
153	188	20
153	190	9
153	192	18
153	193	8
153	194	17
154	3	16
154	4	19
154	9	6
154	10	15
154	15	16
154	24	6
154	35	8
154	36	4
154	37	1
154	43	3
154	45	3
154	51	7
154	54	16
154	56	20
154	59	10
154	60	14
154	64	13
154	74	20
154	77	1
154	84	18
154	86	9
154	91	17
154	92	5
154	93	1
154	100	2
154	101	18
154	104	18
154	108	16
154	114	13
154	120	5
154	131	16
154	132	10
154	133	11
154	134	6
154	136	12
154	140	18
154	142	6
154	153	2
154	155	8
154	156	15
154	162	5
154	166	20
154	168	1
154	169	1
154	174	14
154	188	17
154	190	15
154	194	18
155	7	3
155	9	4
155	15	5
155	18	15
155	25	13
155	27	15
155	28	4
155	42	12
155	49	9
155	54	16
155	55	12
155	57	14
155	59	8
155	76	11
155	77	2
155	79	20
155	87	9
155	90	15
155	91	18
155	94	20
155	95	13
155	102	8
155	106	15
155	115	16
155	118	12
155	125	20
155	132	7
155	135	4
155	141	20
155	144	5
155	154	24
155	156	6
155	161	11
155	166	19
155	171	3
155	172	2
155	175	11
155	177	2
155	179	8
155	180	9
155	182	14
155	190	8
155	193	7
156	4	11
156	10	5
156	11	19
156	14	7
156	15	9
156	18	20
156	19	13
156	23	3
156	24	18
156	25	6
156	26	17
156	44	18
156	46	5
156	50	6
156	51	4
156	52	10
156	54	14
156	56	4
156	57	7
156	58	15
156	61	11
156	69	12
156	73	16
156	77	7
156	78	12
156	79	18
156	102	3
156	104	15
156	109	3
156	124	15
156	130	19
156	149	1
156	150	2
156	155	5
156	157	16
156	158	13
156	164	14
156	167	6
156	171	1
156	172	2
156	173	8
156	176	12
156	178	17
156	190	14
156	191	15
156	192	4
156	193	9
156	194	9
157	6	10
157	10	2
157	16	4
157	26	13
157	30	4
157	36	7
157	40	8
157	45	5
157	48	16
157	50	13
157	51	20
157	57	9
157	60	5
157	62	2
157	65	14
157	68	5
157	71	5
157	72	7
157	76	14
157	87	14
157	90	20
157	95	10
157	100	14
157	107	17
157	110	18
157	120	20
157	124	9
157	127	8
157	132	2
157	135	16
157	138	12
157	140	19
157	142	15
157	145	5
157	154	10
157	155	7
157	156	9
157	158	16
157	159	19
157	161	4
157	162	13
157	167	8
157	169	7
157	173	19
157	177	1
157	192	12
157	195	9
157	198	7
158	10	3
158	13	2
158	29	14
158	33	2
158	39	8
158	43	10
158	53	3
158	55	11
158	57	3
158	59	17
158	65	8
158	69	16
158	73	8
158	88	20
158	94	1
158	99	6
158	101	17
158	103	2
158	106	12
158	110	17
158	111	1
158	116	15
158	119	3
158	123	9
158	128	7
158	129	2
158	134	2
158	135	4
158	136	19
158	142	10
158	146	14
158	148	6
158	152	13
158	157	16
158	159	16
158	162	7
158	165	13
158	166	17
158	169	4
158	173	9
158	179	14
158	183	17
158	184	6
158	188	4
158	189	5
158	193	9
158	197	1
159	1	13
159	3	11
159	5	12
159	8	16
159	10	15
159	11	12
159	19	5
159	25	15
159	29	15
159	39	2
159	42	20
159	46	8
159	50	13
159	52	3
159	54	3
159	55	11
159	57	1
159	58	11
159	59	11
159	63	18
159	65	8
159	67	15
159	70	11
159	74	6
159	76	12
159	92	8
159	93	3
159	107	6
159	109	16
159	114	12
159	124	12
159	128	7
159	130	16
159	137	12
159	141	11
159	150	1
159	154	11
159	158	38
159	160	20
159	161	4
159	163	3
159	164	19
159	165	19
159	173	5
159	177	16
159	180	9
159	181	12
159	185	5
159	187	6
159	188	8
159	189	6
159	190	12
159	191	9
159	193	6
159	194	11
159	197	5
160	2	14
160	4	18
160	12	5
160	18	8
160	26	9
160	27	14
160	28	14
160	29	10
160	30	9
160	40	12
160	41	15
160	42	18
160	46	19
160	53	12
160	55	4
160	58	18
160	63	17
160	74	7
160	82	10
160	91	7
160	92	12
160	93	14
160	97	11
160	98	15
160	110	12
160	116	4
160	129	5
160	134	17
160	139	1
160	145	6
160	151	7
160	157	16
160	159	4
160	161	18
160	163	1
160	164	10
160	167	11
160	178	1
160	186	11
160	188	13
160	191	16
160	192	17
160	195	5
160	198	17
160	199	14
161	3	17
161	39	1
161	44	19
161	45	13
161	48	15
161	57	16
161	59	6
161	63	14
161	67	14
161	69	8
161	71	8
161	72	8
161	73	10
161	76	10
161	79	14
161	80	1
161	81	19
161	87	12
161	93	14
161	95	9
161	103	6
161	106	8
161	115	3
161	116	20
161	119	5
161	121	2
161	122	17
161	129	3
161	135	4
161	138	15
161	150	12
161	151	13
161	156	4
161	160	8
161	162	36
161	165	9
161	166	17
161	169	2
161	172	17
161	173	13
161	174	16
161	175	7
161	181	12
161	182	6
161	190	6
161	191	10
161	196	7
161	197	4
161	198	17
162	1	9
162	2	11
162	5	8
162	7	14
162	8	2
162	20	17
162	21	16
162	31	19
162	39	16
162	45	13
162	48	12
162	53	7
162	54	13
162	55	20
162	59	6
162	64	17
162	71	15
162	72	17
162	73	20
162	78	8
162	79	20
162	82	3
162	83	14
162	85	3
162	89	8
162	95	17
162	102	19
162	105	1
162	114	5
162	118	13
162	119	9
162	122	12
162	123	6
162	127	20
162	131	5
162	134	5
162	139	4
162	143	4
162	145	12
162	152	13
162	154	13
162	158	6
162	159	18
162	161	7
162	163	5
162	168	18
162	171	20
162	174	3
162	175	3
162	178	1
162	180	18
162	185	13
162	190	10
162	200	14
163	3	13
163	6	1
163	12	5
163	21	6
163	26	15
163	27	17
163	28	12
163	34	15
163	36	10
163	44	10
163	47	5
163	48	14
163	49	10
163	53	1
163	59	11
163	62	14
163	63	15
163	64	3
163	65	12
163	68	4
163	81	19
163	83	19
163	85	7
163	95	15
163	97	1
163	108	2
163	114	14
163	115	11
163	125	10
163	126	13
163	132	4
163	138	20
163	139	19
163	142	16
163	153	2
163	157	2
163	158	3
163	159	3
163	162	14
163	164	14
163	167	4
163	170	9
163	179	6
163	181	3
163	183	5
163	188	8
163	191	8
163	200	10
164	6	4
164	8	15
164	11	14
164	14	4
164	15	8
164	16	14
164	17	7
164	24	6
164	26	19
164	41	15
164	42	8
164	48	5
164	58	18
164	61	14
164	62	10
164	63	7
164	66	3
164	72	3
164	75	14
164	81	1
164	83	16
164	85	15
164	87	10
164	92	19
164	98	18
164	108	3
164	111	12
164	112	12
164	114	3
164	127	13
164	128	4
164	129	19
164	131	18
164	133	18
164	139	1
164	147	15
164	152	1
164	153	13
164	154	18
164	161	18
164	162	8
164	163	1
164	165	8
164	169	9
164	186	2
164	191	17
164	194	10
165	3	4
165	4	2
165	6	8
165	7	3
165	11	4
165	12	5
165	18	17
165	21	4
165	29	15
165	32	19
165	39	10
165	42	16
165	44	19
165	49	16
165	56	6
165	58	16
165	63	3
165	68	9
165	71	13
165	74	6
165	79	11
165	81	19
165	82	18
165	83	3
165	91	3
165	92	10
165	99	13
165	101	8
165	103	5
165	105	19
165	108	3
165	109	5
165	114	14
165	118	6
165	121	2
165	122	13
165	124	20
165	127	20
165	131	11
165	135	16
165	158	19
165	160	2
165	161	6
165	164	12
165	166	3
165	172	7
165	174	17
165	177	17
165	179	9
165	186	4
165	187	19
165	189	12
165	190	6
165	194	16
165	197	5
165	199	13
166	4	11
166	7	3
166	12	9
166	13	6
166	17	10
166	21	7
166	25	13
166	27	15
166	31	15
166	36	17
166	37	19
166	38	8
166	43	10
166	44	20
166	49	12
166	51	7
166	52	10
166	57	6
166	59	11
166	61	17
166	62	15
166	64	18
166	65	10
166	67	2
166	68	12
166	86	5
166	87	12
166	89	8
166	95	17
166	110	5
166	112	9
166	116	8
166	117	2
166	123	9
166	126	10
166	128	17
166	130	19
166	132	9
166	134	1
166	136	9
166	145	3
166	146	2
166	150	3
166	151	12
166	152	7
166	153	18
166	159	8
166	165	20
166	167	4
166	168	4
166	169	3
166	173	20
166	174	8
166	178	12
166	181	13
166	186	19
166	187	19
166	193	9
166	195	14
166	196	13
167	10	19
167	14	9
167	16	3
167	19	2
167	22	11
167	23	14
167	24	17
167	29	6
167	30	13
167	37	17
167	39	15
167	40	9
167	41	19
167	42	3
167	46	10
167	47	6
167	49	10
167	52	5
167	57	20
167	61	20
167	64	12
167	66	19
167	74	10
167	75	20
167	76	2
167	77	8
167	78	13
167	79	14
167	81	15
167	98	20
167	100	16
167	101	18
167	102	9
167	114	18
167	132	16
167	140	7
167	145	20
167	146	15
167	152	4
167	156	1
167	161	4
167	166	10
167	168	12
167	169	18
167	172	1
167	174	17
167	189	11
167	191	1
167	199	16
168	1	13
168	9	3
168	21	17
168	24	3
168	25	19
168	29	14
168	30	5
168	35	5
168	37	14
168	38	17
168	40	8
168	46	18
168	51	13
168	55	14
168	58	16
168	59	2
168	60	6
168	65	17
168	66	8
168	71	20
168	72	2
168	77	20
168	81	15
168	87	19
168	88	2
168	93	12
168	99	3
168	101	6
168	118	13
168	119	1
168	126	18
168	134	7
168	139	14
168	140	10
168	142	12
168	144	10
168	146	1
168	149	1
168	156	4
168	160	20
168	163	2
168	167	20
168	169	7
168	176	2
168	179	1
168	182	4
168	183	14
168	193	5
168	194	1
168	199	16
169	2	13
169	7	10
169	11	14
169	15	18
169	21	11
169	23	2
169	33	6
169	35	11
169	53	12
169	55	16
169	57	2
169	58	10
169	62	15
169	63	7
169	70	10
169	74	17
169	75	12
169	80	15
169	85	14
169	90	7
169	93	16
169	99	8
169	101	13
169	102	9
169	104	20
169	105	14
169	107	2
169	108	15
169	109	16
169	110	6
169	112	11
169	118	20
169	122	6
169	125	1
169	134	4
169	136	8
169	138	14
169	141	3
169	142	11
169	143	14
169	146	5
169	151	1
169	153	17
169	155	17
169	156	13
169	161	1
169	168	12
169	170	14
169	181	9
169	183	18
169	192	1
170	2	5
170	7	2
170	8	19
170	9	4
170	11	13
170	13	13
170	16	5
170	25	8
170	27	8
170	39	17
170	42	10
170	43	4
170	46	6
170	62	18
170	63	6
170	66	6
170	67	5
170	69	14
170	71	16
170	72	20
170	75	8
170	83	15
170	85	4
170	86	15
170	87	14
170	88	10
170	91	1
170	92	19
170	94	3
170	100	7
170	107	3
170	113	17
170	114	20
170	118	18
170	120	9
170	127	1
170	130	20
170	131	1
170	132	3
170	134	14
170	143	7
170	147	6
170	149	13
170	151	18
170	159	2
170	162	8
170	164	6
170	167	19
170	168	3
170	169	16
170	171	14
170	174	18
170	175	3
170	176	13
170	180	10
170	181	11
170	182	12
170	183	18
170	189	1
170	190	4
170	193	1
170	194	2
170	195	20
170	199	6
171	8	7
171	9	12
171	14	17
171	21	1
171	24	7
171	30	20
171	35	11
171	40	18
171	44	20
171	45	10
171	46	12
171	47	4
171	52	10
171	55	2
171	58	11
171	65	15
171	68	7
171	69	2
171	70	14
171	71	7
171	77	8
171	99	18
171	102	3
171	105	3
171	107	3
171	108	8
171	113	15
171	115	7
171	120	16
171	125	6
171	128	18
171	132	18
171	136	13
171	137	16
171	152	11
171	154	17
171	160	18
171	161	1
171	165	2
171	167	4
171	170	9
171	172	19
171	173	18
171	174	13
171	176	18
171	177	13
171	178	9
171	182	10
171	183	5
171	187	8
171	191	8
171	194	4
171	197	2
171	199	19
172	3	7
172	6	13
172	11	15
172	16	17
172	18	5
172	21	14
172	24	13
172	30	12
172	31	19
172	39	14
172	47	12
172	50	5
172	52	17
172	58	20
172	60	14
172	62	6
172	68	18
172	73	5
172	78	17
172	79	6
172	81	3
172	84	18
172	85	5
172	86	13
172	88	8
172	89	20
172	91	3
172	94	10
172	95	19
172	98	17
172	99	20
172	101	19
172	102	8
172	103	11
172	104	15
172	109	5
172	123	11
172	131	16
172	133	16
172	138	11
172	141	6
172	144	18
172	146	16
172	158	13
172	159	10
172	161	10
172	166	16
172	170	12
172	171	24
172	173	6
172	181	8
172	194	6
172	195	14
172	197	17
173	1	3
173	4	12
173	8	8
173	9	14
173	10	11
173	11	19
173	16	8
173	21	9
173	27	12
173	36	13
173	38	4
173	53	20
173	61	20
173	64	3
173	65	18
173	67	7
173	72	11
173	74	12
173	79	11
173	86	14
173	103	2
173	104	7
173	106	18
173	110	17
173	111	5
173	113	7
173	120	16
173	146	12
173	151	4
173	155	19
173	159	3
173	160	6
173	168	11
173	170	3
173	172	6
173	174	30
173	175	20
173	180	19
173	182	15
173	188	5
173	189	10
173	190	15
173	195	17
174	1	10
174	7	13
174	10	4
174	12	15
174	15	19
174	24	4
174	29	14
174	35	1
174	49	9
174	51	18
174	54	15
174	56	20
174	57	5
174	65	3
174	67	7
174	70	4
174	71	2
174	72	6
174	79	6
174	82	3
174	89	1
174	95	20
174	96	15
174	100	5
174	106	6
174	108	15
174	112	7
174	113	18
174	114	17
174	119	20
174	120	9
174	133	7
174	136	11
174	138	7
174	148	12
174	151	6
174	152	14
174	153	11
174	157	12
174	158	2
174	161	5
174	173	11
174	175	14
174	178	4
174	182	5
174	189	1
174	193	13
174	194	18
174	196	2
174	197	1
175	4	20
175	5	2
175	7	4
175	8	5
175	13	20
175	20	10
175	22	7
175	33	6
175	35	7
175	36	3
175	56	19
175	57	9
175	59	1
175	65	10
175	68	1
175	71	16
175	73	9
175	74	12
175	75	14
175	76	9
175	78	6
175	79	11
175	80	3
175	83	9
175	84	3
175	89	14
175	91	20
175	97	18
175	103	5
175	104	7
175	105	9
175	106	17
175	110	4
175	112	13
175	113	15
175	119	6
175	121	7
175	125	1
175	127	11
175	128	3
175	130	8
175	131	4
175	136	7
175	142	10
175	143	6
175	150	1
175	153	10
175	162	4
175	165	18
175	170	3
175	173	6
175	174	8
175	176	12
175	180	5
175	182	8
175	183	3
175	185	8
175	191	8
175	192	15
175	193	20
175	197	8
175	198	6
176	3	16
176	9	3
176	10	12
176	13	12
176	18	10
176	19	10
176	30	19
176	35	1
176	37	1
176	40	8
176	43	18
176	52	4
176	61	17
176	66	7
176	72	10
176	75	18
176	86	9
176	102	19
176	103	6
176	104	6
176	111	10
176	116	17
176	117	1
176	121	19
176	125	2
176	130	9
176	133	11
176	134	17
176	136	2
176	137	1
176	148	2
176	152	20
176	157	13
176	158	3
176	167	11
176	168	7
176	171	17
176	172	3
176	175	13
176	177	1
176	192	1
176	194	9
176	197	7
176	200	20
177	3	18
177	6	5
177	9	9
177	11	8
177	17	16
177	24	3
177	28	18
177	47	2
177	52	13
177	56	1
177	57	1
177	71	12
177	78	1
177	80	9
177	82	15
177	84	19
177	85	19
177	100	16
177	104	18
177	112	20
177	117	10
177	123	19
177	126	14
177	127	19
177	131	19
177	134	2
177	139	5
177	140	3
177	148	4
177	152	14
177	154	15
177	155	15
177	160	3
177	162	5
177	164	3
177	174	12
177	176	32
177	178	16
177	181	17
177	183	19
177	188	15
177	197	17
177	198	12
177	199	2
178	11	15
178	14	4
178	18	18
178	21	18
178	22	5
178	23	10
178	25	13
178	26	7
178	29	7
178	41	18
178	42	5
178	44	9
178	52	7
178	60	15
178	63	10
178	66	4
178	70	3
178	73	5
178	75	15
178	85	17
178	86	6
178	89	17
178	90	16
178	96	15
178	102	5
178	105	16
178	106	18
178	108	13
178	110	5
178	111	2
178	118	11
178	120	19
178	126	11
178	128	12
178	137	9
178	142	20
178	145	10
178	149	1
178	154	6
178	156	13
178	158	12
178	159	18
178	160	15
178	163	13
178	165	6
178	177	28
178	179	4
178	180	17
178	181	5
178	182	15
178	186	11
178	190	15
178	192	6
178	196	4
179	3	5
179	8	11
179	10	19
179	23	8
179	24	11
179	34	6
179	36	18
179	37	13
179	46	13
179	48	20
179	49	6
179	52	18
179	64	2
179	66	19
179	74	9
179	77	2
179	79	16
179	91	14
179	93	20
179	97	17
179	101	7
179	103	19
179	105	16
179	108	16
179	110	19
179	111	14
179	112	14
179	121	10
179	124	17
179	126	16
179	131	20
179	133	17
179	134	1
179	139	3
179	142	2
179	145	7
179	153	12
179	156	2
179	161	12
179	178	17
179	180	2
179	182	14
179	184	16
179	185	14
179	191	5
179	195	16
179	198	6
180	6	11
180	12	8
180	13	18
180	15	2
180	25	6
180	26	17
180	36	17
180	38	5
180	39	3
180	47	9
180	49	11
180	52	16
180	55	19
180	58	8
180	61	9
180	63	13
180	65	6
180	69	12
180	70	15
180	74	10
180	75	20
180	84	4
180	90	6
180	91	4
180	97	15
180	98	8
180	101	20
180	122	19
180	125	1
180	129	8
180	131	17
180	139	3
180	145	1
180	148	12
180	151	12
180	153	8
180	163	20
180	167	11
180	175	6
180	176	20
180	179	13
180	181	20
180	187	11
180	188	13
180	189	5
181	1	16
181	2	15
181	3	20
181	4	20
181	7	16
181	12	11
181	13	6
181	16	7
181	21	6
181	24	5
181	27	14
181	29	8
181	33	2
181	36	17
181	39	17
181	40	15
181	41	2
181	48	6
181	50	15
181	53	1
181	54	7
181	55	4
181	62	10
181	63	1
181	64	12
181	66	1
181	70	1
181	71	17
181	78	8
181	84	14
181	85	14
181	90	20
181	91	6
181	93	11
181	97	2
181	105	18
181	115	9
181	117	12
181	120	14
181	121	9
181	127	2
181	129	16
181	135	11
181	141	2
181	145	19
181	147	4
181	149	9
181	152	12
181	154	5
181	156	17
181	158	7
181	160	1
181	164	14
181	166	9
181	170	7
181	177	12
181	179	12
181	180	12
181	182	1
181	187	12
181	189	6
181	191	1
181	196	19
181	200	2
182	1	20
182	4	19
182	10	4
182	15	1
182	16	13
182	19	15
182	22	15
182	33	4
182	41	13
182	49	16
182	58	2
182	60	10
182	66	10
182	71	8
182	72	14
182	73	19
182	74	3
182	78	12
182	80	11
182	81	14
182	85	3
182	90	9
182	92	8
182	95	11
182	97	13
182	105	14
182	106	6
182	113	11
182	116	17
182	120	9
182	124	6
182	125	16
182	128	2
182	138	10
182	148	10
182	149	20
182	150	8
182	152	14
182	153	9
182	157	3
182	159	11
182	160	16
182	168	19
182	174	11
182	178	1
182	181	16
182	183	20
182	185	12
182	191	4
182	192	1
182	199	17
183	6	19
183	7	20
183	10	1
183	11	20
183	16	4
183	21	19
183	23	10
183	25	20
183	27	7
183	29	17
183	31	6
183	33	11
183	40	1
183	51	9
183	56	13
183	57	9
183	63	18
183	66	10
183	70	16
183	71	10
183	73	5
183	80	4
183	82	7
183	87	8
183	91	18
183	92	16
183	93	11
183	97	11
183	98	8
183	102	3
183	104	11
183	108	3
183	109	15
183	113	14
183	122	8
183	134	10
183	147	10
183	150	9
183	151	18
183	152	19
183	159	18
183	161	8
183	170	13
183	171	4
183	176	10
183	182	5
183	184	4
183	185	11
183	188	14
183	189	1
183	191	9
183	193	13
183	199	8
183	200	14
184	1	14
184	11	3
184	13	6
184	19	8
184	23	2
184	24	2
184	25	18
184	28	18
184	32	12
184	42	16
184	49	14
184	60	7
184	61	8
184	63	14
184	67	5
184	69	5
184	71	2
184	72	16
184	77	12
184	79	9
184	84	14
184	89	5
184	99	3
184	105	9
184	107	17
184	116	1
184	117	19
184	120	13
184	126	12
184	136	10
184	137	10
184	139	4
184	140	19
184	144	15
184	148	11
184	159	1
184	160	20
184	166	6
184	167	17
184	168	9
184	175	1
184	176	12
184	180	6
184	182	7
184	183	20
184	185	40
184	188	3
184	189	11
184	190	5
184	195	2
184	198	9
184	200	13
185	5	19
185	11	9
185	12	14
185	16	17
185	17	6
185	20	10
185	23	10
185	25	11
185	26	20
185	30	7
185	33	2
185	34	4
185	36	18
185	39	16
185	40	10
185	41	13
185	42	4
185	49	6
185	58	17
185	60	11
185	62	10
185	63	17
185	67	19
185	68	4
185	69	3
185	71	5
185	79	13
185	82	2
185	83	6
185	87	3
185	99	6
185	103	11
185	104	7
185	107	10
185	114	9
185	120	19
185	121	18
185	123	13
185	126	5
185	128	17
185	133	6
185	140	3
185	142	8
185	144	11
185	145	13
185	148	16
185	149	19
185	159	17
185	167	8
185	174	13
185	181	14
185	182	18
185	184	17
185	186	2
185	188	11
185	193	13
185	194	19
185	195	2
185	197	2
185	198	12
185	200	13
186	1	11
186	2	8
186	5	4
186	6	3
186	7	9
186	8	12
186	15	14
186	18	16
186	19	8
186	20	12
186	24	17
186	33	7
186	41	2
186	47	17
186	53	20
186	54	12
186	57	15
186	59	4
186	62	20
186	65	13
186	68	1
186	80	4
186	81	14
186	84	9
186	96	16
186	105	8
186	107	8
186	109	19
186	116	1
186	127	18
186	132	3
186	138	13
186	139	13
186	140	11
186	141	12
186	142	17
186	143	4
186	150	6
186	151	4
186	152	6
186	153	7
186	154	19
186	156	14
186	165	12
186	166	13
186	175	2
186	176	18
186	180	3
186	185	5
186	187	2
186	194	1
186	200	1
187	1	20
187	2	1
187	5	16
187	9	19
187	10	3
187	11	7
187	14	18
187	20	8
187	21	3
187	22	8
187	26	5
187	32	9
187	35	1
187	40	14
187	43	13
187	46	13
187	48	9
187	49	5
187	50	11
187	52	11
187	53	9
187	58	16
187	59	16
187	67	7
187	74	10
187	77	14
187	81	18
187	84	11
187	87	7
187	92	19
187	97	4
187	102	3
187	103	9
187	107	12
187	112	1
187	120	3
187	121	13
187	124	13
187	125	17
187	131	17
187	132	5
187	133	14
187	140	4
187	147	13
187	151	20
187	154	16
187	160	12
187	164	17
187	175	9
187	179	9
187	186	40
187	188	7
187	190	10
187	195	3
187	197	8
187	199	13
188	2	8
188	3	17
188	11	5
188	15	17
188	17	10
188	23	18
188	37	8
188	42	13
188	46	2
188	49	20
188	53	20
188	57	16
188	60	16
188	66	16
188	70	11
188	79	13
188	82	18
188	84	9
188	87	5
188	98	6
188	99	11
188	102	17
188	104	20
188	105	17
188	109	16
188	112	19
188	113	10
188	120	7
188	123	14
188	126	9
188	127	18
188	128	3
188	129	3
188	130	11
188	131	17
188	132	12
188	136	15
188	138	17
188	140	10
188	142	11
188	147	9
188	154	6
188	162	1
188	163	10
188	165	1
188	168	16
188	170	18
188	171	16
188	172	9
188	175	4
188	178	6
188	179	17
188	184	5
188	187	8
188	189	8
188	192	7
188	195	2
188	196	5
189	2	5
189	6	6
189	12	16
189	14	18
189	15	12
189	19	1
189	21	15
189	22	9
189	33	18
189	34	7
189	37	20
189	41	18
189	42	9
189	47	15
189	49	14
189	50	16
189	51	19
189	52	14
189	53	13
189	59	11
189	61	13
189	65	17
189	70	6
189	73	14
189	79	1
189	88	5
189	95	5
189	100	14
189	121	2
189	125	7
189	129	9
189	131	10
189	132	19
189	136	2
189	146	5
189	158	4
189	161	14
189	165	2
189	168	7
189	175	3
189	188	6
189	190	36
189	194	10
189	195	8
189	197	9
189	198	4
189	200	10
190	1	12
190	8	3
190	9	5
190	10	2
190	17	7
190	19	18
190	26	12
190	30	6
190	31	16
190	33	1
190	34	18
190	37	10
190	55	10
190	58	14
190	62	20
190	63	14
190	72	18
190	76	6
190	79	19
190	82	11
190	84	11
190	90	2
190	91	9
190	100	1
190	102	12
190	105	8
190	106	18
190	108	13
190	109	18
190	121	7
190	122	20
190	123	16
190	124	19
190	129	3
190	138	10
190	142	3
190	148	19
190	149	12
190	150	4
190	162	14
190	164	11
190	169	4
190	179	19
190	186	17
190	188	13
190	189	20
190	191	14
190	199	16
191	4	7
191	5	10
191	9	4
191	10	5
191	12	20
191	16	9
191	21	4
191	22	17
191	28	9
191	38	12
191	62	20
191	64	12
191	69	11
191	70	8
191	73	20
191	74	14
191	75	14
191	76	6
191	77	8
191	83	9
191	84	16
191	86	15
191	91	15
191	95	14
191	98	1
191	102	14
191	110	14
191	120	18
191	125	7
191	130	16
191	137	5
191	144	5
191	145	5
191	146	2
191	148	4
191	149	15
191	151	7
191	155	19
191	159	2
191	176	14
191	179	19
191	182	20
191	186	7
191	188	1
191	190	6
191	192	17
191	196	1
191	200	2
192	1	5
192	10	13
192	11	7
192	14	11
192	27	12
192	28	9
192	32	18
192	33	15
192	42	7
192	43	2
192	46	15
192	54	10
192	55	19
192	58	16
192	60	12
192	65	20
192	66	3
192	70	10
192	76	8
192	79	12
192	81	1
192	83	13
192	99	18
192	100	7
192	102	4
192	103	10
192	106	7
192	107	2
192	112	13
192	114	19
192	115	18
192	118	13
192	119	7
192	123	6
192	127	9
192	129	3
192	132	8
192	134	6
192	144	5
192	146	5
192	150	15
192	153	18
192	159	19
192	162	3
192	169	13
192	176	12
192	179	9
192	182	3
192	186	14
192	188	15
192	189	20
192	191	10
192	193	6
192	197	9
192	198	20
192	199	7
192	200	11
193	1	12
193	8	2
193	15	5
193	18	4
193	25	7
193	27	13
193	33	3
193	39	15
193	40	13
193	41	12
193	43	17
193	54	11
193	60	14
193	63	8
193	70	11
193	74	16
193	75	17
193	77	9
193	82	10
193	86	6
193	91	10
193	94	20
193	96	1
193	109	16
193	118	2
193	120	9
193	122	7
193	128	1
193	131	18
193	134	20
193	138	18
193	141	12
193	143	13
193	148	6
193	151	16
193	157	3
193	160	1
193	166	19
193	175	4
193	176	17
193	177	10
193	183	9
193	187	3
193	188	15
193	189	16
193	190	10
193	191	16
193	192	15
193	194	4
194	3	10
194	10	2
194	12	16
194	13	10
194	14	16
194	15	17
194	18	10
194	19	5
194	20	18
194	31	15
194	33	11
194	35	15
194	38	4
194	45	12
194	54	16
194	55	4
194	56	18
194	72	10
194	78	5
194	84	17
194	86	10
194	87	20
194	90	9
194	92	3
194	105	15
194	106	13
194	108	16
194	113	6
194	118	2
194	123	16
194	124	7
194	128	9
194	133	18
194	135	13
194	140	1
194	144	7
194	146	13
194	149	8
194	153	19
194	154	8
194	155	20
194	156	3
194	159	5
194	182	1
194	189	13
194	190	18
194	193	15
194	195	18
195	9	4
195	13	8
195	15	7
195	16	5
195	19	13
195	21	11
195	31	14
195	34	9
195	36	8
195	40	20
195	42	17
195	45	19
195	50	3
195	51	11
195	53	2
195	55	1
195	59	19
195	62	13
195	67	14
195	72	14
195	83	16
195	84	8
195	92	20
195	96	9
195	101	10
195	103	15
195	105	10
195	107	17
195	114	12
195	115	17
195	117	3
195	135	3
195	137	7
195	139	4
195	140	1
195	147	1
195	148	18
195	154	20
195	155	18
195	157	17
195	158	12
195	163	20
195	166	17
195	168	14
195	169	7
195	171	6
195	173	18
195	175	3
195	176	19
195	186	16
195	188	16
195	194	10
195	196	20
195	200	4
196	2	9
196	5	3
196	11	4
196	20	2
196	27	7
196	31	8
196	35	2
196	39	3
196	52	4
196	54	4
196	56	4
196	59	14
196	68	15
196	70	20
196	72	1
196	74	16
196	75	13
196	85	2
196	86	20
196	88	17
196	89	8
196	92	11
196	93	12
196	97	3
196	101	16
196	108	7
196	109	20
196	112	9
196	113	8
196	115	18
196	122	5
196	123	6
196	126	7
196	127	4
196	139	13
196	146	16
196	150	3
196	151	20
196	156	2
196	162	1
196	170	8
196	178	13
196	185	5
196	190	11
196	194	11
196	195	30
196	197	9
196	198	4
196	200	4
197	6	7
197	9	1
197	16	20
197	24	3
197	25	16
197	31	18
197	32	10
197	35	9
197	36	2
197	38	3
197	39	12
197	45	16
197	49	4
197	54	18
197	58	10
197	62	8
197	63	5
197	70	3
197	75	17
197	82	10
197	88	6
197	99	19
197	104	4
197	112	19
197	114	18
197	119	11
197	121	5
197	133	6
197	137	3
197	139	4
197	140	6
197	143	12
197	147	12
197	152	8
197	154	15
197	156	4
197	159	5
197	161	13
197	162	7
197	163	9
197	164	9
197	166	8
197	178	17
197	184	5
197	188	1
197	191	12
197	196	34
197	198	8
197	199	3
198	8	17
198	9	7
198	10	6
198	18	14
198	20	19
198	21	10
198	24	10
198	33	18
198	42	16
198	46	10
198	54	20
198	55	15
198	59	10
198	62	9
198	64	14
198	66	6
198	69	20
198	71	2
198	87	13
198	88	10
198	90	19
198	91	3
198	93	17
198	97	3
198	98	17
198	103	8
198	106	13
198	108	11
198	113	3
198	114	17
198	119	14
198	120	7
198	121	11
198	131	14
198	136	5
198	137	11
198	138	10
198	143	4
198	145	18
198	148	8
198	152	20
198	156	3
198	164	18
198	169	5
198	174	6
198	177	11
198	179	12
198	180	19
198	181	14
198	185	12
198	189	11
198	190	2
198	197	20
198	199	6
198	200	3
199	1	8
199	3	5
199	4	13
199	9	8
199	16	1
199	21	1
199	32	19
199	33	11
199	39	1
199	41	14
199	44	10
199	46	3
199	54	12
199	56	20
199	59	19
199	61	7
199	67	5
199	71	4
199	73	1
199	82	7
199	86	11
199	88	16
199	91	12
199	111	10
199	115	18
199	120	2
199	125	18
199	126	13
199	134	6
199	136	1
199	140	20
199	141	7
199	142	6
199	144	18
199	154	13
199	159	5
199	167	20
199	168	5
199	172	11
199	180	7
199	182	4
199	183	16
199	189	7
199	193	8
199	194	5
199	197	17
199	198	13
199	200	1
200	1	17
200	4	7
200	5	2
200	9	9
200	11	14
200	12	3
200	14	18
200	15	18
200	22	8
200	29	20
200	36	7
200	44	5
200	46	13
200	49	10
200	50	7
200	52	11
200	53	7
200	55	10
200	58	20
200	59	13
200	61	18
200	63	11
200	65	16
200	67	4
200	68	11
200	69	2
200	87	2
200	92	18
200	95	5
200	97	5
200	105	15
200	112	18
200	118	16
200	119	8
200	120	14
200	123	19
200	136	2
200	148	10
200	149	19
200	153	1
200	156	15
200	172	8
200	173	11
200	177	5
200	190	17
200	191	8
200	194	15
200	199	14
