1	2	17
1	5	18
1	15	17
1	20	10
1	21	3
1	33	6
1	39	2
1	44	5
1	48	11
1	49	6
1	50	13
1	59	3
1	68	11
1	72	12
1	74	20
1	80	15
1	82	8
1	83	17
1	87	20
1	89	14
1	90	5
1	91	2
1	102	20
1	105	16
1	110	3
1	113	6
1	116	1
1	123	5
1	126	18
1	136	12
1	143	10
1	155	3
1	157	4
1	162	6
1	169	20
1	170	3
1	171	9
1	174	8
1	176	14
1	179	15
1	187	14
1	190	7
1	191	16
1	193	19
1	195	8
1	200	12
2	1	2
2	3	16
2	4	15
2	5	8
2	6	7
2	15	8
2	16	12
2	23	6
2	24	13
2	28	11
2	34	11
2	38	9
2	46	6
2	48	3
2	50	17
2	52	13
2	53	19
2	54	4
2	55	7
2	56	13
2	59	11
2	60	12
2	61	1
2	63	18
2	69	17
2	74	6
2	76	8
2	78	8
2	79	18
2	87	1
2	88	17
2	89	10
2	92	7
2	94	11
2	95	5
2	102	5
2	104	16
2	110	10
2	111	3
2	114	11
2	122	4
2	124	6
2	125	2
2	135	20
2	140	14
2	142	2
2	143	11
2	149	8
2	153	8
2	154	5
2	155	9
2	158	8
2	162	8
2	163	2
2	165	7
2	172	12
2	175	13
2	176	6
2	179	4
2	183	1
2	185	19
2	189	13
2	190	9
2	191	3
2	195	19
2	198	12
3	1	1
3	2	17
3	4	14
3	7	6
3	8	6
3	9	1
3	23	2
3	24	4
3	30	3
3	32	3
3	33	4
3	34	11
3	35	17
3	39	17
3	51	15
3	73	19
3	79	9
3	81	12
3	82	15
3	90	10
3	91	11
3	92	12
3	94	16
3	95	8
3	98	10
3	100	15
3	102	16
3	103	20
3	109	15
3	110	5
3	126	11
3	127	3
3	128	3
3	130	12
3	138	18
3	140	4
3	146	16
3	147	14
3	149	16
3	151	9
3	154	15
3	155	20
3	161	18
3	165	18
3	173	14
3	179	18
3	181	13
3	186	4
3	187	11
3	190	15
3	193	18
3	195	16
4	3	28
4	5	17
4	7	6
4	23	14
4	31	15
4	32	13
4	35	7
4	41	17
4	44	1
4	53	15
4	63	8
4	66	9
4	68	7
4	82	19
4	84	9
4	86	12
4	91	14
4	96	19
4	101	19
4	105	14
4	116	18
4	117	14
4	118	14
4	125	2
4	127	8
4	129	20
4	130	12
4	131	18
4	132	15
4	134	12
4	137	4
4	138	9
4	146	13
4	150	8
4	151	4
4	154	15
4	155	17
4	156	11
4	157	13
4	158	3
4	161	18
4	163	9
4	164	2
4	167	13
4	176	15
4	182	12
4	189	13
4	191	16
4	192	12
4	194	5
4	198	18
5	1	18
5	4	8
5	6	22
5	10	19
5	11	17
5	15	4
5	27	2
5	28	10
5	31	11
5	32	18
5	33	5
5	42	5
5	43	13
5	54	4
5	55	6
5	56	19
5	58	8
5	61	4
5	63	12
5	67	7
5	69	8
5	73	10
5	74	9
5	85	14
5	91	13
5	92	19
5	99	17
5	109	14
5	124	5
5	129	7
5	130	11
5	132	1
5	134	13
5	139	4
5	144	16
5	145	15
5	151	1
5	158	2
5	161	9
5	164	11
5	166	7
5	168	5
5	170	3
5	171	17
5	173	20
5	175	18
5	177	9
5	182	16
5	184	17
5	188	1
5	189	17
5	193	14
5	196	8
6	5	13
6	7	9
6	11	7
6	13	19
6	20	6
6	26	10
6	31	16
6	32	1
6	37	18
6	38	2
6	43	1
6	44	6
6	48	5
6	54	19
6	57	5
6	59	11
6	62	13
6	65	18
6	66	20
6	73	4
6	76	13
6	82	15
6	88	10
6	92	9
6	96	12
6	99	2
6	102	10
6	105	12
6	106	16
6	110	2
6	117	13
6	118	19
6	123	2
6	131	3
6	134	15
6	142	19
6	150	1
6	151	16
6	152	16
6	155	13
6	158	8
6	162	12
6	164	13
6	165	16
6	167	13
6	176	13
6	177	10
6	181	6
6	184	11
6	185	10
6	189	13
6	191	8
6	193	2
6	194	4
6	195	4
7	2	12
7	6	22
7	8	10
7	10	2
7	15	2
7	17	10
7	21	6
7	27	19
7	29	16
7	30	20
7	31	11
7	32	5
7	48	1
7	53	4
7	56	7
7	61	10
7	62	9
7	63	16
7	69	11
7	75	10
7	85	20
7	87	19
7	100	14
7	107	2
7	109	17
7	115	19
7	122	16
7	125	14
7	130	8
7	137	19
7	140	10
7	142	20
7	145	9
7	150	1
7	154	15
7	163	9
7	164	10
7	167	7
7	168	4
7	171	18
7	175	14
7	177	20
7	180	16
7	182	4
7	183	18
7	185	19
7	186	17
7	187	17
7	189	11
7	192	3
7	197	8
8	2	8
8	4	7
8	7	7
8	9	28
8	10	14
8	14	15
8	17	5
8	20	16
8	22	18
8	23	14
8	27	3
8	28	4
8	31	3
8	38	5
8	42	19
8	47	10
8	48	1
8	50	17
8	51	20
8	55	1
8	60	4
8	61	6
8	62	20
8	63	16
8	65	13
8	66	10
8	68	10
8	70	15
8	71	7
8	73	13
8	75	20
8	78	7
8	88	4
8	90	19
8	92	1
8	93	12
8	94	2
8	97	17
8	98	5
8	103	5
8	108	19
8	114	16
8	115	7
8	118	9
8	122	6
8	127	12
8	133	1
8	140	4
8	147	20
8	150	14
8	152	3
8	159	6
8	171	14
8	178	4
8	182	3
8	193	4
8	199	6
9	2	19
9	3	6
9	8	11
9	10	24
9	11	5
9	16	1
9	17	7
9	21	6
9	22	18
9	24	16
9	28	11
9	37	2
9	41	20
9	65	1
9	66	6
9	69	3
9	71	12
9	74	18
9	76	1
9	78	3
9	83	2
9	87	2
9	96	4
9	97	12
9	99	7
9	103	12
9	104	4
9	105	10
9	106	12
9	113	15
9	117	20
9	119	9
9	120	9
9	121	5
9	123	17
9	127	9
9	137	15
9	138	7
9	140	19
9	141	11
9	154	12
9	160	3
9	172	7
9	175	20
9	180	14
9	182	8
9	188	12
9	192	12
9	194	7
9	197	8
10	1	7
10	2	10
10	9	10
10	11	5
10	15	8
10	17	9
10	21	14
10	25	11
10	27	13
10	37	3
10	38	12
10	39	18
10	41	4
10	42	20
10	48	20
10	51	4
10	55	18
10	59	6
10	61	14
10	62	2
10	66	17
10	68	10
10	72	10
10	77	4
10	79	5
10	84	6
10	88	5
10	94	3
10	96	1
10	102	1
10	103	2
10	106	9
10	114	8
10	115	14
10	119	4
10	122	20
10	129	18
10	130	13
10	131	2
10	132	4
10	133	1
10	136	20
10	139	13
10	142	13
10	150	16
10	160	14
10	164	14
10	166	16
10	167	1
10	171	20
10	175	18
10	180	14
10	182	3
10	183	7
10	185	19
10	189	8
10	192	7
10	193	7
10	197	2
10	199	14
10	200	13
11	10	9
11	12	18
11	13	7
11	14	14
11	17	15
11	24	14
11	31	20
11	47	2
11	50	1
11	51	8
11	56	2
11	70	11
11	75	7
11	76	12
11	77	3
11	81	10
11	82	13
11	83	12
11	85	18
11	90	20
11	100	9
11	103	8
11	106	9
11	116	6
11	125	3
11	126	1
11	129	20
11	130	17
11	137	13
11	139	14
11	143	3
11	146	2
11	154	18
11	159	4
11	166	10
11	171	20
11	183	9
11	184	6
11	191	7
12	9	9
12	11	11
12	13	22
12	18	20
12	22	11
12	27	20
12	29	5
12	30	19
12	31	4
12	32	3
12	39	12
12	42	3
12	45	4
12	48	15
12	61	8
12	64	6
12	75	13
12	87	7
12	88	18
12	95	1
12	96	3
12	97	11
12	105	17
12	106	15
12	107	9
12	109	18
12	110	8
12	111	16
12	115	6
12	121	20
12	122	7
12	126	3
12	127	14
12	128	15
12	129	4
12	135	18
12	139	14
12	147	5
12	148	15
12	153	5
12	154	20
12	161	17
12	164	15
12	167	16
12	183	2
12	185	6
12	192	17
12	194	20
12	198	20
12	200	14
13	2	7
13	4	18
13	10	18
13	12	16
13	14	9
13	17	4
13	18	16
13	20	12
13	23	4
13	30	16
13	31	3
13	36	10
13	40	5
13	43	1
13	44	12
13	48	17
13	53	7
13	55	2
13	56	8
13	61	6
13	67	2
13	72	20
13	75	15
13	90	8
13	94	13
13	96	15
13	99	7
13	104	1
13	105	8
13	110	3
13	117	19
13	121	8
13	129	12
13	131	15
13	132	3
13	153	5
13	157	13
13	161	11
13	166	15
13	167	12
13	173	15
13	175	14
13	179	4
13	184	5
13	193	6
14	8	3
14	13	14
14	15	19
14	17	9
14	19	14
14	22	16
14	27	1
14	30	12
14	40	18
14	42	3
14	45	14
14	57	10
14	66	11
14	78	3
14	80	15
14	82	2
14	88	3
14	99	14
14	100	18
14	102	3
14	107	15
14	110	4
14	112	16
14	118	4
14	120	8
14	123	7
14	127	6
14	128	5
14	141	10
14	142	4
14	156	17
14	160	14
14	168	11
14	171	19
14	181	18
14	190	14
14	191	20
14	193	14
15	2	3
15	5	13
15	10	13
15	11	7
15	14	30
15	16	36
15	19	1
15	34	18
15	38	14
15	41	7
15	48	12
15	49	7
15	51	9
15	58	13
15	68	16
15	71	12
15	72	6
15	79	1
15	94	10
15	95	14
15	96	7
15	102	14
15	109	5
15	112	14
15	113	10
15	122	7
15	125	5
15	126	9
15	127	17
15	128	1
15	132	1
15	136	2
15	138	13
15	139	3
15	145	10
15	146	20
15	150	1
15	151	4
15	154	12
15	158	4
15	159	4
15	160	4
15	161	11
15	168	17
15	170	20
15	175	14
15	177	7
15	182	11
15	192	13
15	195	16
16	3	15
16	14	19
16	15	8
16	17	24
16	19	12
16	22	10
16	31	10
16	34	1
16	36	9
16	37	4
16	39	5
16	44	7
16	46	13
16	49	17
16	51	7
16	53	9
16	58	2
16	62	17
16	64	3
16	68	5
16	69	10
16	70	15
16	73	1
16	76	19
16	79	9
16	80	2
16	88	14
16	90	13
16	97	18
16	99	12
16	100	3
16	103	13
16	110	3
16	114	19
16	118	11
16	119	1
16	126	3
16	133	2
16	134	8
16	135	3
16	136	2
16	138	20
16	142	3
16	145	12
16	153	7
16	154	12
16	155	11
16	156	18
16	164	18
16	165	20
16	168	14
16	171	12
16	173	3
16	175	11
16	185	2
16	195	2
16	197	20
16	199	15
17	1	7
17	8	4
17	14	5
17	16	14
17	18	8
17	22	8
17	26	8
17	31	7
17	33	18
17	38	6
17	39	7
17	42	8
17	48	1
17	53	7
17	63	10
17	71	20
17	78	3
17	79	7
17	85	5
17	88	9
17	95	20
17	101	7
17	104	12
17	106	19
17	114	10
17	117	8
17	118	18
17	124	1
17	133	18
17	134	16
17	135	1
17	141	16
17	142	4
17	145	3
17	146	1
17	147	11
17	149	3
17	155	19
17	161	7
17	164	7
17	167	4
17	170	1
17	171	12
17	174	5
17	176	14
17	177	7
17	189	6
17	191	11
17	192	1
17	195	10
18	1	16
18	17	3
18	19	19
18	24	9
18	36	2
18	44	16
18	45	7
18	46	9
18	49	14
18	55	9
18	62	18
18	65	19
18	67	20
18	73	18
18	74	10
18	82	3
18	88	16
18	89	16
18	90	19
18	95	20
18	98	18
18	102	20
18	104	4
18	105	1
18	113	7
18	116	16
18	120	5
18	121	3
18	122	1
18	125	15
18	128	6
18	130	12
18	131	20
18	132	15
18	138	7
18	139	7
18	148	16
18	151	12
18	154	9
18	155	12
18	173	12
18	182	20
18	184	1
18	195	12
18	196	9
18	198	20
18	199	11
19	3	2
19	13	3
19	17	10
19	18	4
19	20	8
19	22	4
19	26	9
19	28	2
19	32	3
19	33	17
19	34	1
19	41	16
19	42	5
19	43	4
19	48	3
19	51	12
19	57	17
19	59	15
19	62	2
19	68	16
19	71	16
19	72	12
19	73	9
19	76	4
19	87	2
19	91	1
19	93	2
19	95	5
19	102	10
19	104	19
19	106	11
19	113	4
19	124	19
19	134	20
19	135	10
19	136	14
19	137	14
19	139	16
19	141	8
19	146	17
19	147	15
19	156	8
19	162	13
19	167	16
19	172	20
19	174	1
19	177	17
19	178	9
19	188	9
19	189	15
19	190	7
19	194	8
19	195	5
20	1	14
20	4	17
20	6	10
20	9	17
20	10	19
20	19	10
20	21	19
20	24	19
20	28	5
20	29	9
20	30	12
20	36	2
20	47	17
20	51	11
20	52	16
20	56	11
20	57	15
20	60	2
20	63	10
20	74	17
20	79	17
20	80	18
20	82	11
20	83	7
20	84	19
20	88	9
20	89	3
20	90	9
20	94	15
20	99	15
20	100	1
20	104	13
20	105	12
20	106	18
20	109	6
20	110	7
20	115	5
20	122	10
20	126	17
20	129	5
20	138	18
20	141	9
20	142	20
20	143	13
20	149	3
20	151	10
20	153	19
20	154	6
20	162	3
20	166	13
20	167	12
20	169	4
20	173	10
20	176	17
20	178	9
20	182	7
20	189	9
20	190	18
20	194	10
20	195	4
20	198	2
21	2	4
21	3	10
21	5	12
21	10	17
21	11	13
21	20	10
21	22	5
21	25	20
21	34	2
21	44	15
21	46	8
21	59	8
21	65	9
21	67	11
21	75	1
21	85	13
21	87	18
21	88	7
21	90	3
21	92	10
21	95	9
21	98	6
21	105	5
21	106	19
21	113	3
21	118	13
21	120	20
21	125	9
21	131	18
21	133	7
21	135	8
21	140	10
21	143	18
21	153	6
21	157	6
21	162	11
21	164	5
21	168	8
21	169	17
21	180	16
21	182	12
21	184	12
21	190	19
21	194	18
21	197	12
22	3	18
22	4	16
22	5	13
22	7	10
22	8	17
22	11	6
22	15	6
22	16	1
22	21	2
22	23	12
22	29	15
22	41	16
22	48	13
22	49	4
22	52	9
22	53	8
22	55	5
22	59	16
22	60	6
22	64	17
22	65	14
22	74	9
22	75	11
22	77	9
22	79	5
22	91	13
22	96	5
22	97	17
22	100	18
22	109	4
22	110	11
22	112	16
22	115	11
22	117	9
22	125	5
22	129	18
22	137	14
22	140	16
22	141	6
22	147	12
22	148	16
22	150	6
22	158	7
22	160	8
22	162	13
22	164	2
22	167	3
22	173	17
22	176	20
22	178	5
22	180	10
22	181	13
22	185	11
22	188	3
22	189	19
22	192	5
22	197	14
22	199	19
23	6	14
23	9	14
23	15	8
23	16	4
23	18	14
23	22	12
23	24	19
23	26	20
23	29	1
23	31	12
23	32	11
23	36	7
23	40	7
23	42	11
23	44	10
23	48	7
23	49	12
23	52	2
23	53	16
23	61	2
23	64	3
23	66	18
23	71	15
23	72	5
23	76	20
23	77	10
23	80	3
23	82	6
23	84	18
23	86	13
23	89	6
23	94	4
23	96	12
23	97	3
23	98	17
23	102	11
23	103	11
23	106	19
23	110	19
23	112	15
23	115	1
23	116	10
23	117	8
23	124	10
23	133	20
23	136	20
23	142	8
23	148	8
23	149	5
23	160	19
23	161	16
23	172	7
23	178	12
23	183	9
23	188	7
23	189	20
23	194	16
23	197	16
23	199	5
23	200	17
24	3	14
24	13	9
24	19	12
24	20	10
24	23	13
24	25	2
24	28	14
24	32	9
24	41	2
24	51	19
24	53	15
24	55	20
24	57	1
24	59	3
24	60	1
24	63	1
24	64	16
24	68	18
24	69	11
24	75	11
24	79	2
24	83	5
24	89	14
24	90	14
24	94	9
24	97	13
24	105	6
24	106	19
24	107	9
24	111	16
24	113	14
24	116	4
24	119	10
24	122	14
24	124	14
24	127	1
24	136	14
24	145	15
24	148	5
24	149	10
24	150	12
24	152	18
24	155	6
24	156	6
24	162	11
24	181	6
24	186	6
24	187	16
24	188	2
24	190	10
25	4	5
25	11	18
25	12	4
25	16	12
25	18	8
25	21	17
25	24	11
25	26	1
25	32	15
25	42	16
25	45	5
25	49	16
25	51	9
25	54	20
25	55	13
25	56	19
25	57	19
25	60	16
25	70	3
25	72	9
25	76	5
25	87	14
25	91	16
25	92	20
25	98	9
25	105	18
25	107	15
25	113	8
25	118	1
25	121	16
25	129	18
25	141	18
25	143	17
25	153	6
25	164	7
25	171	18
25	172	15
25	178	8
25	192	4
26	7	13
26	19	6
26	25	11
26	27	14
26	42	4
26	46	6
26	51	1
26	58	15
26	60	14
26	64	11
26	66	17
26	67	10
26	70	6
26	74	10
26	76	6
26	77	13
26	78	8
26	79	10
26	80	8
26	97	3
26	100	10
26	103	2
26	104	2
26	105	19
26	110	13
26	116	7
26	119	7
26	120	9
26	121	14
26	124	20
26	126	17
26	127	14
26	131	11
26	137	6
26	139	19
26	142	9
26	145	17
26	146	13
26	149	12
26	163	19
26	165	9
26	166	18
26	169	8
26	187	1
26	188	4
26	190	17
26	192	14
26	194	10
26	199	20
26	200	20
27	2	17
27	4	15
27	8	7
27	10	4
27	13	5
27	15	15
27	20	9
27	22	12
27	26	8
27	28	3
27	35	1
27	36	13
27	37	8
27	49	19
27	52	11
27	54	14
27	57	2
27	69	4
27	73	14
27	74	1
27	77	4
27	82	10
27	84	18
27	92	19
27	99	6
27	100	9
27	101	13
27	110	17
27	115	10
27	121	10
27	122	7
27	124	10
27	125	18
27	126	14
27	127	3
27	129	4
27	130	9
27	131	6
27	132	12
27	133	17
27	147	5
27	148	9
27	155	6
27	157	3
27	160	6
27	164	4
27	167	9
27	171	14
27	182	11
27	183	9
27	189	15
27	190	9
27	191	18
27	195	6
28	1	14
28	3	19
28	8	4
28	10	19
28	11	8
28	14	3
28	27	38
28	29	16
28	31	15
28	32	15
28	39	7
28	42	5
28	58	7
28	61	11
28	63	14
28	71	20
28	74	9
28	75	11
28	76	7
28	82	16
28	86	19
28	98	14
28	100	20
28	103	11
28	107	12
28	108	6
28	111	4
28	112	18
28	116	7
28	119	3
28	123	12
28	134	6
28	136	13
28	139	5
28	145	7
28	147	19
28	150	8
28	153	3
28	157	8
28	159	20
28	164	14
28	169	16
28	171	5
28	174	11
28	175	10
28	177	19
28	178	20
28	182	4
28	185	7
28	186	20
28	197	18
28	198	10
29	2	20
29	8	18
29	10	15
29	12	14
29	13	9
29	14	9
29	17	3
29	18	17
29	27	13
29	28	1
29	30	18
29	32	8
29	37	10
29	41	6
29	43	3
29	44	1
29	49	1
29	51	13
29	56	2
29	59	9
29	66	4
29	69	15
29	70	11
29	71	12
29	74	18
29	75	8
29	76	7
29	78	18
29	79	17
29	80	4
29	92	11
29	99	18
29	105	12
29	113	20
29	116	18
29	121	4
29	122	5
29	124	2
29	129	11
29	142	6
29	144	3
29	145	18
29	147	7
29	152	19
29	154	18
29	156	8
29	166	13
29	171	7
29	175	5
29	176	11
29	181	10
29	182	10
29	185	4
29	186	17
29	190	12
29	196	10
30	2	14
30	4	11
30	8	19
30	10	4
30	12	7
30	19	13
30	21	17
30	27	10
30	28	13
30	29	15
30	31	19
30	33	17
30	35	20
30	36	16
30	38	10
30	42	19
30	43	6
30	44	10
30	48	19
30	49	6
30	56	9
30	60	7
30	62	12
30	64	19
30	77	1
30	78	15
30	80	3
30	83	7
30	86	10
30	88	4
30	91	17
30	92	16
30	101	15
30	108	18
30	109	8
30	111	14
30	114	20
30	119	13
30	122	20
30	123	7
30	124	17
30	126	11
30	128	1
30	129	14
30	130	16
30	131	7
30	138	2
30	148	3
30	154	14
30	167	12
30	169	5
30	176	18
30	177	18
30	182	6
30	186	10
30	190	3
30	192	13
30	200	1
31	3	8
31	4	8
31	7	3
31	8	14
31	11	6
31	14	7
31	16	15
31	18	14
31	21	17
31	22	13
31	23	4
31	25	5
31	26	17
31	30	19
31	32	6
31	38	9
31	44	4
31	47	3
31	59	15
31	62	2
31	63	12
31	64	4
31	66	10
31	70	6
31	72	18
31	76	2
31	81	3
31	83	10
31	94	2
31	99	4
31	105	17
31	107	15
31	113	14
31	114	17
31	123	14
31	124	12
31	127	4
31	131	9
31	141	9
31	146	8
31	147	8
31	153	14
31	154	9
31	156	10
31	160	4
31	163	11
31	164	8
31	166	5
31	167	18
31	169	9
31	171	1
31	184	15
31	187	12
31	188	4
31	193	5
31	195	8
31	196	13
32	12	4
32	19	5
32	25	1
32	26	10
32	28	15
32	30	19
32	31	17
32	33	9
32	34	16
32	44	7
32	48	17
32	53	19
32	55	8
32	56	1
32	59	1
32	60	5
32	61	3
32	63	16
32	64	12
32	65	17
32	71	4
32	72	13
32	80	9
32	81	11
32	82	10
32	83	8
32	84	12
32	96	17
32	100	12
32	101	14
32	117	13
32	120	14
32	125	8
32	128	16
32	135	10
32	136	5
32	141	12
32	159	6
32	167	13
32	168	1
32	174	4
32	181	18
32	184	5
32	188	9
32	198	6
33	2	8
33	6	17
33	8	18
33	14	15
33	28	9
33	32	18
33	34	16
33	36	3
33	39	9
33	40	8
33	42	3
33	44	1
33	46	5
33	47	10
33	50	3
33	61	13
33	62	2
33	67	7
33	68	6
33	72	20
33	79	3
33	91	20
33	99	16
33	106	13
33	107	20
33	109	17
33	110	11
33	116	2
33	123	17
33	126	9
33	129	19
33	131	13
33	149	7
33	162	11
33	166	14
33	180	5
33	182	20
33	189	14
33	193	18
33	195	7
33	199	14
33	200	18
34	9	12
34	12	10
34	17	9
34	33	6
34	35	5
34	38	8
34	39	11
34	42	20
34	47	16
34	49	9
34	54	18
34	55	19
34	63	15
34	68	12
34	70	7
34	71	12
34	76	8
34	88	1
34	94	7
34	98	8
34	106	7
34	110	20
34	119	10
34	124	15
34	131	1
34	134	14
34	140	2
34	146	19
34	151	5
34	155	16
34	156	18
34	157	13
34	158	7
34	160	19
34	176	20
34	178	8
34	188	2
34	189	11
34	191	12
34	194	3
34	196	20
34	198	1
34	200	1
35	3	10
35	15	7
35	17	13
35	23	20
35	25	11
35	28	14
35	32	4
35	34	11
35	36	11
35	39	16
35	43	9
35	61	6
35	64	14
35	70	15
35	71	10
35	72	19
35	80	20
35	83	15
35	92	17
35	94	17
35	95	2
35	97	19
35	102	3
35	103	11
35	109	18
35	117	2
35	118	11
35	121	1
35	125	15
35	126	13
35	129	8
35	131	7
35	135	16
35	139	8
35	140	7
35	145	2
35	146	7
35	147	9
35	153	10
35	156	3
35	160	5
35	162	20
35	167	17
35	175	17
35	176	3
35	184	14
35	187	2
35	188	9
35	190	1
35	192	9
35	193	15
35	195	7
35	196	20
35	197	16
35	199	10
36	1	8
36	2	8
36	4	15
36	5	11
36	14	11
36	20	10
36	22	10
36	23	17
36	26	13
36	27	19
36	29	15
36	35	17
36	37	7
36	38	11
36	41	8
36	44	3
36	45	2
36	47	13
36	48	16
36	59	13
36	62	20
36	65	11
36	67	4
36	68	12
36	69	10
36	74	12
36	77	11
36	79	16
36	80	5
36	83	18
36	102	12
36	103	17
36	105	15
36	111	9
36	116	3
36	127	13
36	132	2
36	135	10
36	144	20
36	147	2
36	152	17
36	155	3
36	156	18
36	165	19
36	168	8
36	169	16
36	171	7
36	172	9
36	173	3
36	182	18
36	199	17
37	19	2
37	26	13
37	33	12
37	35	5
37	36	7
37	38	9
37	47	8
37	52	15
37	56	1
37	59	14
37	61	19
37	67	6
37	68	3
37	82	6
37	85	14
37	92	18
37	94	14
37	95	12
37	96	5
37	97	20
37	98	3
37	104	20
37	107	3
37	114	4
37	117	18
37	119	11
37	122	10
37	124	15
37	126	16
37	130	10
37	131	8
37	136	6
37	144	3
37	146	3
37	154	6
37	156	11
37	164	19
37	168	17
37	169	6
37	174	17
37	180	2
37	182	10
37	183	9
37	185	8
37	193	2
37	195	4
38	3	11
38	14	3
38	17	7
38	24	8
38	25	15
38	28	9
38	31	5
38	32	3
38	37	15
38	39	32
38	40	2
38	41	9
38	45	18
38	48	1
38	49	13
38	51	1
38	56	11
38	71	13
38	74	8
38	78	7
38	87	13
38	89	13
38	91	14
38	94	10
38	97	1
38	98	20
38	103	6
38	108	1
38	115	2
38	117	10
38	118	8
38	123	7
38	127	11
38	138	13
38	140	11
38	141	6
38	147	18
38	150	4
38	154	6
38	162	10
38	171	3
38	173	3
38	175	2
38	177	8
38	178	8
38	180	4
38	191	14
38	192	6
38	196	14
38	198	13
38	200	4
39	1	4
39	3	3
39	4	20
39	8	16
39	9	8
39	14	13
39	22	20
39	29	19
39	31	8
39	37	8
39	38	4
39	40	1
39	43	10
39	46	5
39	50	20
39	63	8
39	73	6
39	78	1
39	92	15
39	94	1
39	103	1
39	105	6
39	111	10
39	112	14
39	120	5
39	123	19
39	127	7
39	128	16
39	138	20
39	144	8
39	145	20
39	149	12
39	153	1
39	159	19
39	171	11
39	177	5
39	182	12
39	184	9
39	186	13
39	191	19
39	193	12
39	194	6
39	196	16
39	198	7
40	1	2
40	9	18
40	12	5
40	23	11
40	32	3
40	34	9
40	39	5
40	41	36
40	45	17
40	50	14
40	51	9
40	52	7
40	57	17
40	59	17
40	60	1
40	62	12
40	65	5
40	69	17
40	71	20
40	75	16
40	81	20
40	83	6
40	85	2
40	95	9
40	103	11
40	110	7
40	111	6
40	112	2
40	115	7
40	117	11
40	119	5
40	120	19
40	124	3
40	130	11
40	135	16
40	137	13
40	152	6
40	153	13
40	155	16
40	157	15
40	158	3
40	163	3
40	171	8
40	174	8
40	175	16
40	178	3
40	180	14
40	183	19
40	192	1
40	196	15
40	198	13
40	199	14
40	200	20
41	3	3
41	14	1
41	15	3
41	24	19
41	28	3
41	29	1
41	40	16
41	42	4
41	46	8
41	50	7
41	51	19
41	55	20
41	59	14
41	60	11
41	68	20
41	72	16
41	73	18
41	78	3
41	81	4
41	84	12
41	92	10
41	93	8
41	99	10
41	108	8
41	111	18
41	112	15
41	117	15
41	121	10
41	124	8
41	127	18
41	132	2
41	136	17
41	140	10
41	141	6
41	142	14
41	153	12
41	161	9
41	163	18
41	174	10
41	180	9
41	182	16
41	186	20
41	187	6
41	188	4
41	195	17
41	196	1
41	200	8
42	7	2
42	8	17
42	10	11
42	20	2
42	37	14
42	41	11
42	43	2
42	51	2
42	63	12
42	67	10
42	69	14
42	71	13
42	72	14
42	75	12
42	77	15
42	78	16
42	83	18
42	84	1
42	88	7
42	89	13
42	90	2
42	93	14
42	95	20
42	98	6
42	102	14
42	112	5
42	116	9
42	124	4
42	125	7
42	127	7
42	129	17
42	130	20
42	135	1
42	138	18
42	147	11
42	148	17
42	157	15
42	167	15
42	172	7
42	174	13
42	177	2
42	178	18
42	179	17
42	181	14
42	182	5
42	187	15
42	191	16
42	192	2
42	195	12
42	197	6
43	3	2
43	5	15
43	7	3
43	8	13
43	9	16
43	10	1
43	12	19
43	16	13
43	18	5
43	19	2
43	21	14
43	23	6
43	24	13
43	25	9
43	27	17
43	32	6
43	40	17
43	41	9
43	42	4
43	44	34
43	46	10
43	48	5
43	50	13
43	60	1
43	61	10
43	70	1
43	71	12
43	72	15
43	75	2
43	77	1
43	82	2
43	85	19
43	90	1
43	95	2
43	99	19
43	101	12
43	103	15
43	113	2
43	122	2
43	128	2
43	129	19
43	131	16
43	142	13
43	146	19
43	147	15
43	150	13
43	153	20
43	156	3
43	157	10
43	158	15
43	161	14
43	162	20
43	165	1
43	176	8
43	190	7
43	192	20
44	9	10
44	15	6
44	19	20
44	27	20
44	29	8
44	32	1
44	41	7
44	42	16
44	43	20
44	45	6
44	47	9
44	51	15
44	53	5
44	58	6
44	62	3
44	70	5
44	76	12
44	77	13
44	81	6
44	87	17
44	89	13
44	91	3
44	96	5
44	98	15
44	100	13
44	101	15
44	102	9
44	104	12
44	105	11
44	106	18
44	107	10
44	111	9
44	112	7
44	115	4
44	116	18
44	124	12
44	127	7
44	128	16
44	129	12
44	146	13
44	147	16
44	159	16
44	162	4
44	163	17
44	168	3
44	172	4
44	174	3
44	175	18
44	177	20
44	187	10
44	188	2
44	198	8
44	199	2
45	2	7
45	8	6
45	15	6
45	18	5
45	23	7
45	25	18
45	26	4
45	30	5
45	34	11
45	40	8
45	41	5
45	44	9
45	46	4
45	58	7
45	65	20
45	70	19
45	77	7
45	78	10
45	79	9
45	82	10
45	87	20
45	94	1
45	97	3
45	104	12
45	106	1
45	107	3
45	113	19
45	120	17
45	122	3
45	123	8
45	125	17
45	127	10
45	130	12
45	132	5
45	139	9
45	142	9
45	144	10
45	146	17
45	183	17
45	186	8
45	188	1
45	190	11
45	194	5
45	197	1
45	200	15
46	3	16
46	8	11
46	10	6
46	19	8
46	27	10
46	30	7
46	35	1
46	40	1
46	41	10
46	43	6
46	45	6
46	47	3
46	49	11
46	50	9
46	51	18
46	52	5
46	56	9
46	61	15
46	65	18
46	69	2
46	74	8
46	82	9
46	87	7
46	89	15
46	91	20
46	96	3
46	103	18
46	105	6
46	108	6
46	112	5
46	118	2
46	120	11
46	121	5
46	123	2
46	133	8
46	134	11
46	143	18
46	149	10
46	154	16
46	155	18
46	158	8
46	163	11
46	167	17
46	171	7
46	174	10
46	175	11
46	177	15
46	178	12
46	182	8
46	185	10
46	187	5
46	188	4
46	198	1
47	1	19
47	3	4
47	9	9
47	17	9
47	21	4
47	23	20
47	38	3
47	46	2
47	48	6
47	52	4
47	55	4
47	56	8
47	60	16
47	69	11
47	70	13
47	71	15
47	72	11
47	76	8
47	77	2
47	78	10
47	81	1
47	82	12
47	85	10
47	88	3
47	91	7
47	98	14
47	101	1
47	105	5
47	108	10
47	112	6
47	114	14
47	125	5
47	126	15
47	131	4
47	135	7
47	136	12
47	153	19
47	154	4
47	160	16
47	164	8
47	170	17
47	172	20
47	184	8
47	188	12
47	192	20
47	195	2
48	3	17
48	7	18
48	8	14
48	17	14
48	21	8
48	22	16
48	24	10
48	25	3
48	26	11
48	28	20
48	31	17
48	35	8
48	36	9
48	40	6
48	41	5
48	43	16
48	45	17
48	47	36
48	49	16
48	53	16
48	56	18
48	58	7
48	64	14
48	67	4
48	68	3
48	77	20
48	87	17
48	104	9
48	107	2
48	108	18
48	113	14
48	133	5
48	136	4
48	137	15
48	141	5
48	149	20
48	163	3
48	167	5
48	180	14
48	185	19
48	191	8
48	192	16
48	195	2
48	198	1
48	200	17
49	4	20
49	5	1
49	9	17
49	10	3
49	16	2
49	17	11
49	29	14
49	32	16
49	34	6
49	40	10
49	41	20
49	47	12
49	48	3
49	50	28
49	53	6
49	63	15
49	66	15
49	69	13
49	71	8
49	79	7
49	81	12
49	85	10
49	86	5
49	91	19
49	96	17
49	97	12
49	100	5
49	103	2
49	107	2
49	110	7
49	113	16
49	116	1
49	117	5
49	123	15
49	128	12
49	132	7
49	138	1
49	141	11
49	142	2
49	147	14
49	148	8
49	151	6
49	154	2
49	157	15
49	158	18
49	164	17
49	168	2
49	176	5
49	177	12
49	178	4
49	179	5
49	180	4
49	181	12
49	188	12
49	189	16
49	191	12
49	193	13
50	6	18
50	8	13
50	15	11
50	20	10
50	40	16
50	44	3
50	49	1
50	51	20
50	55	12
50	61	13
50	68	4
50	69	5
50	78	9
50	82	15
50	89	9
50	91	13
50	97	5
50	104	2
50	107	4
50	108	7
50	113	17
50	127	2
50	128	6
50	130	5
50	131	19
50	132	8
50	133	9
50	136	19
50	137	17
50	154	16
50	165	11
50	170	9
50	174	12
50	178	19
50	180	16
50	184	19
50	188	7
50	191	14
50	194	15
50	200	11
51	15	11
51	16	12
51	25	5
51	28	10
51	35	11
51	39	8
51	43	11
51	44	19
51	48	8
51	50	11
51	52	6
51	59	12
51	63	13
51	69	17
51	72	15
51	74	14
51	75	8
51	76	5
51	77	10
51	80	18
51	81	7
51	89	4
51	93	16
51	94	14
51	98	2
51	109	9
51	115	7
51	118	11
51	119	3
51	131	17
51	137	12
51	141	5
51	146	6
51	147	8
51	158	6
51	164	14
51	165	17
51	176	4
51	179	1
51	185	10
51	191	1
51	194	14
51	199	2
52	1	15
52	6	1
52	13	17
52	16	11
52	17	16
52	19	14
52	30	4
52	31	17
52	34	20
52	41	13
52	43	17
52	46	4
52	50	14
52	51	2
52	53	20
52	56	19
52	62	20
52	64	2
52	76	13
52	84	2
52	86	12
52	87	10
52	90	2
52	99	3
52	101	4
52	105	5
52	106	1
52	108	4
52	110	5
52	111	1
52	112	5
52	113	19
52	117	12
52	120	4
52	125	8
52	127	20
52	132	7
52	135	4
52	140	14
52	141	15
52	144	14
52	145	1
52	146	18
52	148	13
52	149	3
52	155	20
52	156	18
52	159	9
52	161	14
52	164	18
52	170	17
52	172	13
52	173	13
52	174	8
52	176	15
52	180	7
52	194	11
52	196	16
52	198	17
52	199	3
53	6	16
53	7	20
53	10	11
53	18	19
53	19	18
53	23	12
53	26	10
53	29	7
53	30	15
53	31	12
53	32	10
53	35	17
53	40	19
53	41	12
53	44	3
53	45	10
53	48	6
53	49	8
53	50	10
53	52	15
53	54	7
53	56	3
53	58	1
53	64	19
53	66	2
53	74	19
53	80	6
53	86	13
53	93	17
53	96	6
53	97	19
53	99	8
53	100	3
53	103	4
53	105	14
53	112	5
53	119	16
53	120	19
53	122	2
53	127	13
53	130	3
53	132	16
53	137	4
53	145	14
53	146	18
53	155	13
53	158	3
53	161	15
53	173	14
53	175	1
53	176	20
53	177	8
53	178	2
53	179	19
53	182	2
53	183	18
53	186	1
53	189	9
53	194	7
54	4	11
54	6	3
54	7	17
54	14	17
54	17	11
54	19	1
54	23	8
54	25	5
54	28	18
54	29	2
54	34	5
54	40	19
54	41	4
54	52	17
54	53	6
54	55	14
54	56	2
54	61	15
54	69	18
54	76	10
54	77	8
54	79	3
54	81	15
54	82	14
54	88	6
54	93	14
54	97	9
54	99	7
54	101	9
54	104	14
54	111	8
54	114	15
54	117	6
54	125	5
54	127	16
54	137	18
54	140	19
54	141	3
54	147	5
54	159	11
54	162	3
54	165	12
54	168	19
54	187	3
54	189	10
54	197	6
54	199	9
55	4	20
55	6	16
55	9	10
55	10	11
55	16	10
55	27	18
55	30	16
55	32	2
55	33	9
55	34	7
55	36	14
55	37	13
55	38	7
55	40	20
55	41	13
55	53	18
55	54	1
55	56	16
55	62	9
55	64	15
55	70	3
55	74	4
55	78	20
55	79	7
55	80	3
55	84	17
55	93	20
55	94	12
55	103	10
55	107	13
55	111	12
55	113	3
55	115	5
55	121	8
55	131	13
55	132	5
55	136	5
55	138	19
55	140	9
55	146	7
55	147	13
55	148	16
55	150	16
55	152	19
55	166	13
55	167	6
55	168	16
55	170	14
55	183	15
55	184	4
55	188	16
55	194	8
55	198	7
56	4	19
56	17	14
56	18	19
56	23	5
56	44	1
56	51	10
56	54	11
56	55	12
56	57	6
56	58	14
56	59	6
56	62	17
56	63	1
56	65	18
56	69	17
56	72	16
56	82	2
56	89	11
56	95	4
56	98	6
56	105	13
56	109	9
56	111	3
56	114	4
56	119	6
56	125	11
56	133	4
56	134	16
56	136	9
56	137	17
56	139	18
56	141	2
56	144	17
56	146	11
56	152	12
56	155	20
56	156	7
56	160	18
56	164	3
56	166	15
56	167	14
56	172	16
56	173	5
56	178	1
56	184	20
56	187	3
56	188	8
56	192	13
56	194	2
56	195	19
56	196	9
56	197	10
56	198	17
57	6	1
57	7	11
57	9	18
57	17	3
57	24	10
57	25	19
57	26	4
57	32	6
57	35	15
57	36	11
57	40	7
57	42	20
57	48	7
57	54	11
57	55	18
57	56	16
57	58	12
57	59	16
57	66	6
57	69	13
57	73	10
57	75	15
57	90	12
57	100	19
57	104	3
57	105	6
57	107	5
57	117	6
57	118	8
57	120	16
57	121	7
57	125	16
57	127	17
57	129	12
57	131	3
57	144	12
57	146	19
57	158	20
57	167	1
57	171	16
57	176	1
58	2	5
58	8	11
58	10	3
58	14	16
58	16	6
58	20	13
58	21	12
58	26	4
58	30	10
58	31	8
58	33	3
58	39	4
58	42	4
58	44	7
58	57	1
58	59	15
58	63	4
58	65	20
58	66	18
58	67	20
58	83	4
58	85	7
58	86	9
58	89	17
58	91	9
58	92	18
58	93	16
58	101	14
58	105	19
58	107	17
58	109	13
58	112	18
58	115	16
58	124	9
58	130	6
58	137	16
58	141	8
58	145	17
58	148	1
58	152	1
58	157	14
58	158	8
58	178	2
58	179	8
58	180	5
58	181	18
58	185	8
58	187	8
58	188	12
58	200	8
59	2	20
59	8	12
59	11	2
59	12	3
59	16	1
59	22	19
59	24	15
59	31	8
59	36	2
59	43	17
59	44	6
59	48	5
59	50	9
59	51	10
59	53	19
59	58	12
59	60	14
59	68	10
59	71	18
59	72	20
59	78	14
59	82	13
59	86	10
59	90	16
59	104	6
59	115	3
59	118	13
59	119	4
59	121	3
59	124	9
59	136	11
59	138	8
59	139	2
59	142	6
59	144	10
59	148	4
59	154	6
59	156	17
59	159	20
59	163	17
59	169	10
59	170	3
59	171	1
59	175	19
59	180	7
59	182	6
59	186	12
59	188	4
59	192	13
59	194	5
59	198	11
59	199	17
59	200	12
60	4	15
60	7	11
60	8	8
60	12	12
60	14	13
60	27	20
60	29	15
60	39	1
60	44	9
60	59	16
60	61	16
60	62	4
60	66	4
60	67	17
60	80	16
60	85	14
60	93	4
60	94	4
60	95	6
60	97	4
60	102	20
60	103	11
60	106	2
60	107	20
60	109	12
60	115	12
60	122	1
60	133	1
60	135	12
60	144	10
60	145	4
60	146	3
60	149	19
60	150	16
60	157	1
60	158	4
60	160	3
60	161	11
60	162	13
60	166	5
60	168	18
60	175	19
60	178	4
60	182	17
60	185	4
60	188	14
60	190	4
60	199	18
61	9	14
61	10	8
61	13	11
61	22	1
61	23	11
61	35	1
61	39	14
61	42	9
61	46	7
61	47	16
61	56	19
61	58	14
61	60	13
61	62	8
61	67	1
61	70	13
61	71	14
61	73	14
61	75	5
61	76	6
61	79	19
61	80	10
61	83	13
61	87	17
61	93	19
61	111	1
61	117	7
61	118	15
61	120	18
61	124	6
61	125	3
61	128	8
61	131	16
61	133	6
61	139	19
61	141	10
61	145	7
61	156	6
61	160	11
61	171	14
61	172	9
61	174	2
61	175	1
61	176	3
61	179	12
61	182	10
61	187	2
61	190	14
61	194	9
61	198	5
62	4	13
62	7	8
62	9	13
62	28	20
62	31	5
62	32	7
62	34	9
62	37	3
62	40	10
62	43	16
62	44	16
62	51	3
62	54	15
62	55	5
62	57	20
62	58	9
62	61	6
62	63	11
62	68	17
62	72	2
62	73	18
62	75	13
62	76	18
62	81	1
62	100	10
62	102	9
62	103	4
62	111	9
62	112	16
62	114	19
62	121	1
62	125	15
62	126	6
62	127	12
62	134	14
62	138	4
62	140	19
62	141	13
62	146	19
62	151	1
62	154	10
62	158	8
62	167	2
62	168	6
62	170	16
62	172	19
62	174	4
62	177	19
62	180	9
62	182	1
62	191	19
62	198	9
62	200	20
63	2	13
63	3	9
63	19	18
63	23	4
63	28	1
63	30	14
63	40	20
63	48	5
63	49	19
63	57	3
63	59	6
63	60	10
63	62	1
63	64	9
63	74	2
63	75	2
63	76	7
63	78	7
63	80	2
63	81	19
63	82	10
63	84	15
63	85	17
63	94	1
63	95	17
63	98	2
63	100	16
63	106	19
63	107	10
63	112	8
63	115	19
63	117	11
63	118	17
63	119	1
63	124	11
63	132	3
63	137	7
63	142	17
63	160	11
63	161	10
63	163	7
63	165	10
63	167	3
63	169	7
63	170	5
63	174	18
63	175	2
63	179	18
63	189	12
63	198	2
63	199	4
64	1	12
64	3	14
64	7	8
64	10	11
64	11	15
64	14	6
64	15	15
64	17	20
64	26	4
64	27	2
64	37	1
64	45	7
64	57	3
64	59	18
64	60	10
64	63	26
64	65	8
64	68	4
64	69	18
64	70	12
64	72	18
64	73	20
64	84	12
64	90	1
64	102	8
64	110	19
64	113	17
64	114	2
64	117	3
64	118	20
64	131	7
64	133	11
64	138	20
64	143	8
64	149	19
64	150	9
64	154	15
64	157	11
64	161	18
64	165	3
64	172	7
64	173	6
64	174	6
64	177	11
64	191	16
64	193	12
64	196	20
65	9	1
65	11	6
65	24	7
65	32	6
65	33	9
65	37	12
65	38	1
65	39	6
65	41	16
65	42	19
65	47	15
65	50	5
65	54	15
65	56	1
65	62	10
65	64	17
65	66	17
65	68	19
65	71	3
65	76	7
65	80	19
65	83	8
65	92	2
65	96	2
65	102	12
65	103	19
65	107	8
65	111	14
65	119	5
65	124	16
65	126	12
65	130	13
65	137	13
65	142	19
65	143	9
65	144	17
65	148	10
65	152	13
65	156	14
65	157	13
65	158	13
65	161	9
65	164	11
65	168	9
65	170	9
65	185	13
65	186	16
65	189	20
65	190	20
66	7	3
66	9	5
66	14	13
66	17	13
66	21	6
66	24	8
66	25	20
66	28	2
66	29	1
66	32	14
66	35	10
66	47	16
66	50	9
66	51	19
66	53	13
66	54	18
66	56	9
66	57	7
66	65	8
66	67	18
66	69	19
66	72	7
66	74	12
66	77	3
66	89	6
66	95	13
66	98	13
66	103	20
66	111	19
66	113	4
66	114	18
66	117	13
66	118	6
66	119	6
66	121	6
66	125	11
66	128	6
66	130	6
66	133	20
66	134	16
66	135	8
66	138	20
66	148	16
66	149	4
66	151	8
66	152	4
66	158	7
66	159	9
66	161	20
66	162	7
66	164	16
66	166	3
66	170	6
66	174	3
66	175	8
66	182	2
66	183	8
66	184	6
66	185	2
66	190	14
66	197	2
67	10	18
67	12	13
67	15	3
67	21	19
67	25	8
67	26	15
67	28	3
67	29	14
67	30	14
67	33	19
67	35	14
67	37	10
67	43	3
67	65	1
67	66	20
67	68	8
67	69	19
67	70	7
67	71	12
67	74	6
67	76	1
67	86	20
67	89	3
67	98	8
67	100	20
67	107	10
67	108	8
67	113	11
67	118	5
67	122	2
67	124	12
67	127	15
67	135	9
67	145	14
67	146	3
67	154	3
67	169	1
67	175	19
67	188	14
67	189	1
67	191	7
67	198	10
67	199	6
67	200	13
68	6	19
68	14	8
68	15	10
68	17	19
68	22	3
68	25	19
68	30	13
68	31	18
68	32	3
68	33	8
68	34	12
68	41	19
68	45	11
68	56	5
68	59	7
68	64	8
68	67	4
68	69	17
68	79	4
68	83	11
68	85	3
68	91	15
68	96	18
68	105	3
68	111	1
68	119	10
68	120	8
68	125	18
68	127	6
68	129	9
68	130	17
68	133	13
68	134	16
68	143	13
68	146	15
68	155	17
68	159	4
68	173	18
68	181	1
68	195	4
68	196	13
68	197	9
69	1	10
69	3	19
69	4	12
69	9	14
69	18	12
69	23	12
69	25	15
69	27	19
69	35	13
69	36	14
69	37	2
69	43	1
69	47	15
69	49	6
69	50	13
69	53	7
69	58	8
69	63	19
69	65	16
69	66	1
69	68	8
69	70	2
69	74	18
69	75	19
69	79	7
69	80	15
69	83	18
69	86	18
69	88	14
69	90	7
69	91	2
69	97	19
69	100	18
69	107	13
69	111	13
69	112	3
69	119	16
69	120	9
69	121	3
69	125	20
69	130	14
69	133	2
69	134	8
69	135	8
69	138	14
69	139	19
69	141	20
69	143	3
69	147	15
69	152	4
69	154	10
69	158	11
69	160	9
69	163	19
69	165	13
69	170	15
69	174	13
69	178	15
69	180	14
69	183	2
69	185	7
69	193	12
70	4	8
70	8	16
70	18	5
70	22	10
70	34	19
70	45	2
70	47	20
70	53	16
70	57	19
70	67	3
70	68	13
70	69	3
70	71	32
70	73	19
70	75	18
70	78	17
70	79	14
70	80	7
70	83	12
70	84	17
70	89	8
70	100	3
70	103	14
70	113	10
70	114	12
70	115	8
70	116	7
70	121	18
70	125	6
70	136	20
70	142	7
70	145	12
70	154	10
70	155	2
70	156	7
70	159	12
70	167	19
70	174	3
70	175	6
70	176	12
70	179	20
70	181	6
70	182	16
70	186	12
70	188	10
70	192	4
70	195	12
71	8	5
71	18	14
71	25	19
71	30	11
71	37	17
71	42	18
71	45	19
71	48	20
71	49	7
71	55	19
71	70	10
71	72	6
71	74	19
71	77	15
71	82	20
71	84	5
71	85	10
71	86	16
71	87	15
71	90	10
71	99	4
71	103	7
71	105	6
71	109	15
71	111	12
71	116	8
71	118	13
71	121	15
71	122	8
71	125	11
71	126	11
71	131	4
71	133	13
71	140	9
71	141	4
71	146	15
71	151	10
71	153	7
71	156	17
71	159	20
71	163	13
71	167	8
71	169	12
71	172	8
71	175	19
71	178	7
71	179	8
71	184	10
71	189	5
71	190	19
71	196	15
71	199	14
72	3	17
72	7	5
72	8	7
72	11	3
72	14	2
72	17	20
72	19	18
72	32	8
72	35	17
72	39	2
72	46	16
72	47	14
72	48	14
72	49	7
72	57	15
72	58	17
72	59	16
72	67	3
72	71	12
72	73	8
72	75	11
72	78	6
72	84	14
72	86	11
72	87	8
72	90	18
72	91	4
72	92	14
72	98	17
72	111	19
72	112	20
72	116	6
72	121	8
72	126	20
72	136	13
72	137	1
72	144	13
72	150	7
72	166	11
72	172	13
72	174	16
72	175	17
72	176	1
72	181	2
72	185	3
72	192	8
73	1	9
73	2	11
73	12	9
73	13	11
73	14	9
73	17	8
73	21	7
73	27	18
73	29	17
73	31	12
73	32	15
73	44	1
73	50	4
73	52	5
73	53	3
73	58	16
73	60	13
73	61	8
73	64	7
73	67	2
73	69	6
73	71	16
73	72	13
73	74	11
73	75	2
73	80	1
73	82	17
73	83	16
73	84	11
73	86	6
73	88	11
73	90	1
73	91	2
73	93	5
73	97	2
73	107	5
73	111	19
73	113	18
73	114	9
73	115	4
73	125	9
73	126	2
73	129	7
73	136	10
73	137	8
73	139	7
73	140	18
73	143	10
73	144	5
73	145	4
73	147	5
73	157	20
73	158	4
73	159	14
73	168	5
73	169	11
73	173	15
73	176	7
73	178	14
73	179	15
73	185	8
73	187	20
73	189	16
74	1	1
74	8	2
74	10	20
74	12	15
74	13	19
74	15	10
74	16	5
74	21	18
74	22	2
74	24	2
74	28	18
74	41	20
74	42	16
74	45	18
74	51	16
74	53	19
74	56	14
74	61	5
74	63	16
74	67	8
74	71	2
74	73	11
74	75	12
74	82	16
74	84	11
74	87	7
74	88	14
74	95	14
74	96	5
74	102	15
74	104	2
74	105	13
74	120	13
74	122	7
74	123	12
74	126	19
74	132	4
74	134	6
74	144	11
74	146	20
74	147	7
74	148	13
74	151	14
74	154	17
74	157	16
74	158	8
74	162	9
74	164	14
74	165	9
74	172	10
74	177	12
74	182	14
74	186	3
74	187	19
74	189	2
74	190	2
74	192	1
74	196	9
74	199	20
75	4	4
75	6	19
75	12	18
75	19	14
75	21	15
75	25	8
75	26	9
75	30	7
75	38	20
75	49	14
75	51	1
75	52	8
75	58	6
75	60	12
75	65	7
75	67	11
75	68	13
75	74	5
75	76	10
75	85	15
75	91	8
75	99	15
75	106	17
75	107	7
75	112	12
75	113	18
75	118	19
75	119	20
75	121	7
75	126	17
75	128	3
75	134	19
75	143	18
75	146	5
75	152	9
75	157	16
75	164	7
75	166	3
75	171	20
75	172	7
75	173	16
75	179	6
75	180	13
75	182	9
75	183	12
75	189	8
75	196	8
75	197	19
75	198	1
76	1	14
76	6	19
76	13	17
76	14	18
76	18	8
76	21	5
76	24	5
76	28	19
76	35	9
76	37	12
76	39	15
76	41	10
76	47	14
76	53	9
76	54	11
76	55	15
76	57	13
76	60	7
76	62	8
76	63	17
76	64	11
76	75	11
76	77	7
76	86	3
76	89	5
76	96	5
76	98	11
76	99	2
76	109	19
76	119	16
76	120	3
76	124	17
76	125	1
76	126	9
76	138	11
76	139	4
76	140	3
76	142	6
76	144	2
76	155	18
76	161	12
76	165	15
76	168	8
76	170	20
76	180	7
76	182	7
76	183	5
76	188	17
76	189	17
76	193	14
76	196	9
77	4	1
77	6	15
77	15	8
77	30	6
77	32	20
77	39	17
77	42	16
77	43	10
77	46	7
77	49	18
77	55	4
77	58	3
77	62	17
77	63	8
77	64	2
77	75	10
77	76	6
77	78	5
77	79	10
77	80	20
77	86	7
77	90	16
77	98	5
77	106	4
77	110	5
77	112	2
77	115	17
77	121	10
77	122	19
77	124	11
77	141	2
77	150	7
77	154	3
77	157	15
77	159	12
77	162	8
77	163	5
77	167	17
77	174	15
77	175	18
77	179	16
77	180	16
77	184	17
77	187	13
77	190	1
77	191	12
77	194	14
77	195	18
77	199	7
78	6	4
78	7	10
78	17	20
78	19	14
78	20	3
78	24	15
78	34	1
78	35	13
78	40	9
78	51	4
78	54	4
78	58	11
78	59	8
78	61	10
78	63	1
78	67	3
78	77	19
78	79	10
78	87	12
78	90	4
78	93	16
78	97	14
78	107	6
78	111	14
78	113	10
78	119	10
78	120	2
78	123	5
78	126	5
78	131	2
78	132	15
78	141	16
78	144	14
78	147	12
78	151	3
78	155	16
78	161	19
78	167	3
78	170	11
78	171	18
78	181	15
78	183	18
78	184	13
78	185	19
78	186	3
78	190	12
78	193	18
78	194	19
79	2	5
79	3	8
79	6	3
79	14	13
79	21	8
79	31	13
79	32	15
79	45	17
79	46	16
79	56	2
79	61	3
79	64	8
79	66	19
79	67	3
79	78	9
79	80	3
79	82	18
79	89	20
79	91	13
79	95	12
79	96	4
79	98	3
79	99	9
79	104	1
79	107	15
79	112	9
79	115	6
79	118	20
79	121	19
79	128	15
79	130	3
79	141	12
79	148	14
79	150	1
79	162	3
79	164	14
79	168	16
79	170	7
79	172	20
79	174	15
79	182	17
79	189	8
79	192	7
79	193	13
79	194	6
79	200	19
80	4	4
80	14	20
80	15	2
80	16	10
80	25	7
80	26	3
80	34	5
80	36	9
80	40	12
80	48	8
80	55	7
80	63	13
80	66	15
80	67	18
80	74	15
80	79	8
80	81	17
80	86	11
80	89	2
80	91	11
80	93	7
80	96	18
80	98	9
80	99	8
80	108	19
80	110	15
80	114	19
80	115	15
80	116	15
80	117	14
80	120	19
80	128	5
80	133	2
80	138	6
80	141	5
80	142	3
80	144	5
80	154	2
80	159	1
80	162	6
80	166	12
80	169	2
80	175	13
80	179	12
80	180	5
80	181	17
80	183	17
80	186	14
80	198	5
81	2	8
81	3	14
81	5	6
81	7	13
81	8	7
81	9	19
81	12	17
81	16	10
81	17	9
81	18	6
81	24	6
81	28	20
81	46	17
81	48	19
81	51	11
81	52	7
81	55	5
81	56	18
81	57	7
81	65	19
81	74	17
81	80	2
81	82	18
81	83	3
81	89	7
81	95	9
81	96	18
81	100	10
81	102	5
81	103	10
81	105	15
81	107	19
81	123	11
81	126	20
81	133	2
81	142	7
81	146	10
81	147	16
81	148	3
81	159	10
81	162	20
81	166	5
81	167	20
81	173	7
81	177	2
81	178	10
81	179	12
81	187	18
81	188	18
81	199	18
81	200	15
82	6	20
82	8	4
82	13	7
82	16	6
82	21	6
82	23	15
82	29	16
82	31	9
82	32	8
82	39	6
82	45	7
82	48	12
82	49	16
82	55	14
82	58	13
82	62	5
82	63	6
82	67	19
82	69	2
82	71	20
82	74	11
82	75	8
82	76	6
82	81	17
82	83	2
82	85	2
82	86	8
82	87	5
82	93	2
82	96	9
82	105	12
82	106	13
82	107	4
82	112	4
82	116	19
82	117	4
82	118	1
82	120	19
82	121	19
82	123	15
82	129	1
82	131	8
82	134	9
82	137	14
82	146	18
82	148	19
82	152	4
82	158	10
82	160	19
82	162	20
82	163	10
82	167	11
82	168	15
82	173	8
82	178	3
82	183	1
82	188	2
82	190	4
82	199	20
83	2	10
83	8	13
83	10	4
83	13	6
83	14	16
83	15	18
83	19	20
83	21	12
83	22	15
83	25	2
83	34	9
83	35	8
83	41	4
83	49	3
83	54	12
83	56	10
83	57	10
83	61	9
83	62	12
83	75	19
83	82	14
83	84	34
83	99	17
83	100	16
83	107	15
83	110	9
83	111	1
83	119	4
83	120	19
83	125	12
83	129	3
83	132	20
83	138	17
83	145	14
83	148	9
83	151	20
83	152	7
83	154	12
83	157	12
83	158	1
83	160	12
83	164	7
83	168	14
83	171	16
83	176	10
83	182	18
83	185	9
83	187	20
83	194	11
83	196	1
84	2	14
84	4	2
84	9	20
84	10	15
84	14	3
84	16	19
84	19	16
84	24	16
84	29	15
84	32	7
84	37	2
84	43	3
84	46	1
84	48	12
84	53	10
84	57	12
84	64	1
84	68	7
84	69	4
84	70	1
84	72	16
84	73	16
84	76	2
84	77	10
84	79	5
84	82	20
84	83	10
84	85	16
84	90	20
84	92	1
84	93	13
84	96	20
84	105	2
84	106	2
84	116	11
84	119	20
84	121	6
84	122	12
84	126	1
84	127	19
84	138	11
84	139	7
84	141	19
84	145	17
84	149	9
84	151	13
84	158	10
84	159	18
84	160	16
84	161	9
84	168	2
84	171	4
84	179	17
84	185	5
84	190	19
84	191	5
84	193	3
84	195	12
84	198	16
85	1	9
85	3	2
85	8	9
85	19	19
85	23	2
85	25	3
85	27	17
85	31	16
85	33	13
85	34	11
85	39	9
85	41	15
85	44	3
85	46	20
85	48	17
85	50	8
85	57	3
85	60	19
85	62	18
85	66	19
85	71	15
85	73	9
85	77	19
85	79	11
85	84	6
85	86	10
85	92	20
85	94	2
85	97	20
85	101	8
85	102	6
85	104	13
85	105	10
85	109	19
85	112	15
85	113	1
85	115	18
85	118	4
85	122	15
85	126	9
85	127	17
85	130	6
85	133	7
85	151	10
85	153	17
85	157	18
85	159	14
85	161	7
85	163	3
85	166	3
85	178	20
85	181	16
85	183	15
85	184	1
85	190	9
85	197	14
85	198	19
85	199	18
85	200	6
86	14	11
86	17	17
86	21	2
86	23	18
86	25	9
86	34	12
86	37	3
86	40	17
86	48	6
86	50	2
86	67	16
86	78	12
86	80	14
86	85	10
86	87	1
86	91	10
86	93	13
86	96	3
86	97	8
86	104	20
86	108	8
86	109	10
86	121	15
86	133	14
86	142	7
86	147	16
86	148	6
86	149	19
86	154	1
86	160	6
86	179	10
86	180	14
86	183	13
86	185	11
86	192	4
86	193	19
87	4	3
87	7	11
87	8	8
87	9	16
87	13	17
87	14	19
87	20	2
87	21	7
87	22	16
87	31	18
87	35	13
87	36	18
87	55	16
87	56	3
87	58	9
87	62	13
87	77	11
87	82	18
87	83	11
87	86	18
87	88	19
87	89	20
87	102	14
87	103	15
87	105	6
87	110	4
87	114	10
87	117	3
87	120	2
87	125	7
87	128	11
87	135	4
87	137	10
87	140	20
87	141	15
87	143	20
87	147	5
87	149	10
87	154	1
87	157	17
87	160	8
87	161	20
87	163	14
87	170	11
87	180	7
87	194	14
88	4	17
88	5	18
88	7	15
88	15	12
88	16	12
88	21	20
88	22	11
88	24	7
88	28	4
88	29	10
88	33	18
88	34	19
88	36	17
88	40	9
88	42	10
88	46	11
88	58	17
88	69	8
88	71	11
88	82	16
88	83	14
88	87	10
88	89	10
88	92	1
88	97	20
88	98	3
88	99	10
88	103	3
88	104	17
88	107	20
88	116	20
88	117	1
88	121	8
88	125	13
88	137	15
88	139	20
88	145	12
88	147	11
88	154	6
88	157	20
88	160	1
88	168	17
88	170	2
88	171	2
88	174	12
88	177	6
88	182	11
88	187	12
88	192	8
88	198	10
89	3	2
89	4	11
89	6	3
89	7	5
89	9	10
89	12	11
89	13	1
89	15	7
89	16	2
89	17	18
89	19	9
89	20	12
89	21	20
89	23	9
89	28	18
89	36	3
89	38	4
89	48	7
89	51	13
89	52	8
89	53	2
89	58	8
89	60	20
89	64	8
89	67	5
89	73	9
89	76	13
89	82	1
89	85	13
89	88	38
89	90	6
89	92	14
89	98	15
89	106	14
89	108	19
89	111	9
89	114	15
89	121	12
89	124	8
89	128	20
89	138	17
89	141	8
89	144	9
89	147	4
89	156	17
89	158	6
89	159	18
89	165	7
89	169	11
89	171	3
89	179	18
89	182	7
89	183	1
89	191	10
89	192	12
89	194	10
89	196	13
89	198	13
90	15	1
90	28	5
90	35	19
90	37	15
90	41	2
90	43	16
90	46	8
90	48	5
90	51	4
90	52	10
90	53	13
90	54	17
90	57	1
90	59	18
90	64	4
90	65	4
90	69	19
90	73	17
90	75	7
90	85	15
90	89	17
90	91	5
90	94	20
90	96	17
90	104	18
90	105	4
90	108	12
90	110	5
90	112	10
90	115	5
90	119	19
90	120	11
90	121	9
90	123	19
90	129	14
90	136	11
90	139	17
90	152	16
90	157	12
90	161	10
90	162	9
90	167	17
90	173	15
90	180	17
90	182	5
90	184	5
90	185	2
90	189	9
90	191	19
90	197	19
91	6	12
91	7	6
91	13	13
91	14	3
91	15	13
91	25	3
91	28	8
91	38	11
91	40	15
91	41	2
91	42	6
91	44	17
91	45	1
91	47	11
91	53	2
91	54	7
91	55	4
91	57	19
91	59	16
91	60	1
91	69	19
91	79	11
91	80	19
91	86	6
91	90	15
91	92	1
91	96	13
91	111	16
91	113	2
91	115	10
91	118	5
91	120	8
91	121	16
91	123	12
91	126	2
91	135	17
91	138	8
91	139	1
91	145	9
91	146	14
91	149	7
91	151	16
91	154	14
91	157	18
91	159	16
91	162	13
91	167	16
91	171	7
91	173	14
91	177	3
91	180	2
91	184	16
91	186	11
91	188	20
91	194	14
91	197	8
92	7	15
92	9	9
92	12	5
92	15	5
92	16	6
92	19	15
92	22	12
92	23	17
92	24	9
92	25	10
92	26	19
92	30	15
92	33	15
92	35	14
92	39	19
92	40	2
92	41	9
92	44	10
92	45	13
92	48	15
92	49	9
92	50	9
92	53	17
92	55	13
92	67	3
92	68	20
92	73	12
92	79	11
92	82	16
92	83	8
92	85	19
92	87	2
92	91	1
92	93	24
92	94	19
92	95	6
92	101	16
92	110	12
92	116	20
92	117	1
92	119	10
92	120	1
92	126	11
92	129	18
92	130	13
92	136	7
92	140	19
92	145	3
92	149	20
92	152	6
92	159	6
92	160	18
92	175	5
92	180	16
92	181	13
92	191	16
92	193	1
92	195	10
93	10	16
93	22	19
93	29	1
93	59	11
93	61	9
93	65	11
93	67	17
93	68	15
93	70	4
93	71	16
93	73	12
93	75	11
93	77	15
93	78	7
93	79	3
93	84	9
93	92	13
93	94	2
93	95	14
93	96	14
93	98	9
93	100	7
93	103	12
93	107	11
93	110	2
93	113	3
93	115	19
93	121	18
93	132	1
93	136	13
93	140	6
93	142	11
93	144	20
93	149	7
93	153	10
93	158	6
93	168	4
93	170	13
93	171	8
93	172	6
93	174	15
93	175	2
93	190	12
93	191	4
93	197	20
93	198	19
94	4	17
94	5	19
94	7	10
94	8	17
94	12	11
94	23	18
94	25	4
94	26	5
94	27	13
94	28	9
94	41	19
94	44	8
94	49	5
94	50	15
94	57	19
94	61	3
94	62	6
94	63	20
94	66	16
94	69	16
94	76	9
94	78	19
94	79	12
94	81	19
94	83	16
94	84	17
94	93	14
94	95	15
94	98	13
94	100	15
94	102	2
94	104	3
94	107	20
94	110	18
94	112	19
94	113	13
94	120	9
94	124	6
94	132	13
94	135	16
94	136	9
94	141	16
94	147	17
94	149	7
94	153	20
94	164	7
94	171	7
94	173	19
94	175	19
94	178	2
94	183	20
94	186	12
94	188	10
94	192	8
94	193	18
94	198	2
94	200	1
95	4	8
95	6	12
95	9	14
95	13	11
95	15	16
95	21	12
95	26	15
95	30	9
95	35	8
95	39	13
95	41	14
95	42	9
95	50	9
95	54	4
95	55	11
95	60	12
95	70	19
95	72	18
95	73	12
95	76	17
95	78	6
95	82	20
95	85	5
95	89	14
95	94	20
95	96	10
95	98	11
95	101	20
95	103	15
95	108	7
95	109	2
95	110	6
95	114	3
95	115	1
95	117	11
95	120	17
95	136	9
95	140	14
95	141	8
95	150	12
95	151	18
95	153	12
95	160	8
95	161	9
95	162	8
95	168	10
95	171	13
95	172	1
95	174	4
95	175	19
95	180	4
95	188	10
95	189	8
95	196	7
95	198	2
95	199	18
95	200	6
96	5	17
96	8	12
96	9	8
96	16	10
96	18	2
96	24	13
96	26	2
96	27	16
96	29	17
96	42	9
96	43	3
96	48	16
96	51	18
96	54	17
96	58	3
96	59	11
96	64	15
96	68	15
96	75	17
96	78	3
96	82	10
96	86	8
96	91	8
96	95	1
96	97	13
96	99	9
96	101	11
96	107	4
96	110	9
96	111	10
96	112	12
96	113	1
96	118	14
96	122	1
96	124	14
96	127	1
96	128	5
96	129	13
96	138	10
96	140	10
96	144	9
96	145	3
96	148	2
96	150	6
96	156	7
96	157	4
96	158	16
96	161	3
96	167	9
96	168	17
96	178	17
96	180	12
96	181	1
96	182	6
96	184	3
96	185	6
96	187	1
96	194	5
97	2	10
97	4	16
97	6	12
97	7	16
97	15	16
97	23	2
97	27	6
97	28	16
97	30	7
97	33	11
97	35	11
97	57	13
97	67	19
97	69	4
97	71	6
97	75	16
97	80	12
97	81	16
97	83	1
97	89	6
97	96	28
97	98	9
97	101	8
97	103	8
97	107	17
97	108	17
97	111	20
97	112	13
97	115	15
97	118	18
97	122	2
97	132	10
97	136	15
97	139	16
97	142	19
97	146	1
97	150	20
97	152	1
97	153	20
97	154	13
97	160	18
97	161	13
97	165	8
97	190	6
97	192	14
97	195	6
97	199	3
98	4	1
98	8	5
98	13	2
98	19	12
98	20	16
98	22	11
98	24	19
98	25	18
98	30	12
98	32	20
98	34	7
98	36	19
98	41	19
98	48	11
98	49	20
98	53	7
98	58	13
98	60	19
98	61	2
98	68	7
98	74	20
98	78	5
98	79	14
98	85	19
98	87	4
98	96	15
98	97	10
98	99	11
98	110	10
98	114	6
98	120	12
98	122	5
98	123	12
98	124	11
98	125	9
98	131	17
98	134	13
98	136	9
98	143	5
98	144	7
98	148	3
98	157	2
98	161	9
98	162	16
98	169	4
98	173	8
98	175	1
98	177	4
98	179	2
98	180	10
98	187	19
98	192	13
98	197	20
99	2	20
99	9	19
99	12	20
99	14	16
99	15	11
99	17	17
99	18	20
99	20	20
99	22	14
99	23	7
99	25	9
99	29	6
99	30	11
99	36	15
99	39	9
99	40	17
99	42	16
99	44	16
99	47	16
99	50	4
99	55	16
99	61	19
99	62	20
99	63	16
99	65	8
99	69	19
99	71	9
99	74	8
99	75	17
99	84	8
99	85	18
99	86	5
99	98	7
99	100	16
99	105	3
99	107	19
99	109	10
99	112	18
99	116	10
99	119	13
99	120	12
99	125	15
99	127	15
99	129	12
99	130	18
99	134	12
99	137	1
99	139	6
99	148	5
99	154	7
99	158	19
99	161	12
99	162	1
99	163	3
99	164	18
99	166	9
99	171	13
99	176	19
99	180	19
99	181	16
99	184	1
99	187	11
99	189	6
99	195	20
99	197	17
99	199	16
99	200	14
100	3	15
100	10	12
100	11	12
100	12	14
100	21	6
100	27	3
100	38	3
100	44	14
100	45	1
100	46	20
100	55	17
100	59	19
100	63	15
100	68	5
100	69	14
100	70	5
100	71	4
100	78	13
100	88	5
100	92	6
100	93	12
100	99	22
100	101	1
100	107	2
100	114	14
100	118	8
100	121	18
100	128	10
100	131	18
100	144	5
100	146	10
100	147	20
100	151	19
100	153	2
100	158	19
100	161	15
100	166	14
100	168	19
100	175	8
100	178	4
100	191	13
100	199	19
101	1	3
101	13	6
101	16	19
101	18	10
101	19	16
101	20	9
101	21	16
101	23	12
101	24	9
101	25	4
101	27	18
101	29	4
101	30	3
101	33	3
101	38	11
101	39	12
101	47	8
101	52	6
101	53	13
101	55	4
101	58	11
101	63	7
101	64	2
101	75	9
101	78	9
101	79	15
101	82	5
101	92	20
101	95	17
101	100	18
101	102	12
101	104	12
101	106	20
101	113	7
101	116	7
101	120	13
101	123	1
101	127	9
101	151	18
101	167	2
101	177	15
101	179	14
101	181	4
101	185	14
101	186	1
101	191	6
101	193	9
102	6	1
102	18	2
102	19	9
102	25	17
102	30	15
102	41	11
102	44	1
102	48	20
102	58	5
102	60	9
102	61	3
102	64	7
102	71	20
102	73	16
102	82	11
102	86	17
102	92	3
102	95	12
102	101	2
102	103	30
102	106	2
102	109	9
102	110	14
102	115	2
102	118	13
102	119	7
102	124	11
102	131	13
102	136	4
102	140	2
102	142	20
102	154	5
102	155	8
102	159	19
102	161	12
102	165	5
102	180	17
102	181	18
102	189	17
102	195	7
102	198	1
102	199	5
102	200	10
103	3	6
103	4	7
103	17	10
103	19	7
103	27	16
103	30	4
103	31	19
103	33	12
103	34	15
103	35	2
103	37	16
103	38	7
103	41	4
103	42	10
103	46	9
103	47	15
103	48	3
103	49	15
103	52	17
103	54	3
103	55	10
103	72	15
103	77	5
103	78	18
103	82	18
103	90	16
103	94	3
103	98	14
103	99	3
103	101	19
103	102	10
103	104	12
103	111	16
103	114	11
103	115	10
103	117	6
103	121	5
103	126	10
103	139	9
103	143	16
103	145	19
103	146	15
103	152	4
103	153	2
103	154	13
103	169	16
103	171	9
103	175	5
103	184	3
103	187	17
103	190	15
103	194	12
104	1	14
104	10	15
104	13	6
104	15	13
104	29	19
104	39	18
104	45	16
104	46	20
104	52	18
104	55	17
104	58	17
104	60	3
104	63	14
104	68	20
104	70	20
104	76	9
104	78	8
104	80	16
104	88	6
104	91	5
104	92	8
104	97	6
104	100	4
104	103	13
104	105	10
104	115	5
104	123	4
104	128	9
104	133	5
104	138	17
104	139	9
104	152	18
104	157	2
104	159	3
104	160	17
104	162	13
104	167	8
104	171	16
104	187	17
104	191	9
104	198	18
105	1	7
105	3	5
105	8	12
105	15	18
105	20	11
105	21	10
105	27	13
105	28	17
105	32	10
105	33	11
105	39	19
105	40	14
105	41	1
105	42	7
105	45	2
105	46	3
105	48	5
105	51	3
105	52	13
105	54	17
105	61	20
105	62	9
105	63	17
105	67	11
105	68	10
105	76	7
105	79	7
105	81	11
105	86	11
105	88	2
105	95	15
105	97	2
105	104	5
105	106	4
105	128	19
105	130	14
105	136	9
105	137	10
105	144	13
105	145	13
105	147	19
105	149	14
105	150	5
105	152	7
105	159	3
105	161	14
105	162	10
105	165	6
105	166	8
105	169	9
105	173	6
105	174	15
105	179	1
105	184	8
105	185	6
105	189	2
105	191	14
105	196	15
105	197	20
106	1	13
106	4	9
106	7	17
106	8	15
106	19	16
106	22	1
106	23	12
106	26	9
106	29	15
106	31	6
106	33	8
106	37	14
106	39	18
106	41	8
106	48	10
106	55	2
106	56	19
106	58	4
106	62	7
106	65	20
106	77	3
106	86	2
106	87	4
106	92	12
106	93	20
106	104	18
106	105	10
106	107	26
106	108	1
106	112	3
106	120	10
106	122	8
106	125	2
106	135	13
106	137	12
106	142	2
106	144	14
106	154	7
106	155	6
106	156	15
106	161	2
106	169	6
106	170	17
106	173	2
106	180	16
106	184	6
106	185	20
106	186	18
106	189	17
106	190	8
106	192	19
106	200	11
107	5	4
107	7	10
107	8	16
107	14	15
107	15	8
107	23	11
107	28	15
107	42	17
107	44	13
107	48	4
107	51	14
107	53	8
107	57	18
107	59	17
107	61	11
107	74	4
107	75	14
107	80	18
107	83	6
107	84	15
107	86	17
107	90	11
107	91	10
107	97	11
107	106	17
107	108	15
107	113	18
107	123	16
107	124	1
107	127	14
107	130	18
107	131	10
107	134	17
107	137	9
107	140	3
107	144	18
107	145	18
107	148	3
107	150	18
107	152	7
107	155	15
107	156	10
107	160	8
107	161	18
107	162	16
107	163	3
107	168	6
107	170	15
107	175	18
107	179	5
107	181	7
107	182	3
107	190	10
107	193	4
107	196	10
107	200	20
108	3	14
108	4	6
108	7	4
108	9	7
108	17	18
108	20	16
108	21	19
108	23	1
108	30	17
108	32	15
108	38	17
108	39	1
108	42	11
108	44	2
108	45	12
108	53	12
108	57	16
108	63	16
108	65	13
108	66	13
108	78	7
108	79	6
108	80	19
108	83	16
108	86	1
108	87	14
108	91	3
108	94	18
108	98	4
108	100	20
108	106	9
108	107	8
108	109	18
108	112	16
108	122	5
108	127	19
108	128	12
108	129	6
108	142	4
108	145	3
108	146	15
108	153	9
108	157	18
108	158	17
108	159	2
108	162	9
108	174	9
108	181	5
108	188	13
108	191	16
108	193	17
108	195	17
109	6	2
109	8	12
109	15	17
109	19	2
109	20	8
109	29	7
109	30	17
109	32	9
109	34	7
109	38	3
109	48	8
109	51	7
109	55	19
109	64	11
109	70	10
109	74	18
109	81	18
109	83	4
109	88	13
109	97	15
109	108	6
109	110	11
109	119	18
109	120	6
109	121	7
109	123	15
109	128	15
109	130	19
109	134	3
109	142	14
109	145	3
109	150	14
109	162	7
109	175	13
109	176	20
109	177	20
109	182	2
109	183	6
109	193	15
110	3	8
110	10	17
110	12	2
110	22	12
110	32	2
110	34	10
110	41	3
110	43	8
110	44	3
110	45	19
110	49	4
110	53	16
110	55	7
110	56	13
110	57	20
110	58	19
110	59	18
110	64	17
110	66	3
110	74	20
110	82	20
110	84	1
110	86	18
110	87	8
110	89	2
110	95	4
110	97	9
110	100	12
110	109	14
110	111	32
110	121	2
110	125	19
110	131	2
110	132	9
110	137	6
110	139	17
110	140	14
110	142	18
110	144	13
110	147	14
110	150	6
110	162	17
110	163	2
110	164	4
110	168	6
110	171	8
110	172	1
110	173	5
110	177	10
110	190	7
110	191	3
110	197	19
111	24	9
111	26	15
111	28	2
111	33	10
111	38	14
111	43	18
111	49	16
111	51	10
111	55	1
111	56	5
111	58	7
111	64	2
111	65	4
111	70	20
111	79	8
111	83	6
111	86	1
111	92	8
111	93	5
111	94	8
111	95	20
111	98	14
111	110	2
111	112	3
111	115	2
111	119	20
111	123	16
111	124	2
111	126	6
111	127	11
111	128	10
111	131	4
111	134	5
111	143	12
111	145	11
111	147	16
111	148	16
111	149	11
111	162	1
111	170	6
111	173	6
111	174	6
111	177	11
111	178	6
111	180	12
111	181	3
111	195	7
112	1	18
112	3	8
112	4	15
112	10	12
112	15	12
112	16	18
112	26	15
112	31	7
112	38	2
112	39	11
112	40	15
112	43	10
112	45	5
112	48	18
112	50	14
112	51	10
112	52	17
112	63	1
112	64	14
112	71	5
112	73	19
112	75	19
112	84	19
112	89	2
112	91	10
112	94	7
112	97	4
112	102	17
112	104	14
112	108	3
112	111	20
112	113	10
112	121	5
112	124	19
112	132	16
112	133	2
112	136	9
112	140	2
112	141	17
112	144	4
112	148	12
112	149	19
112	150	8
112	156	12
112	158	12
112	161	16
112	167	13
112	172	9
112	178	9
112	185	2
112	187	4
112	190	1
112	193	15
112	196	3
112	200	8
113	8	18
113	9	4
113	12	12
113	16	8
113	22	11
113	24	3
113	25	3
113	28	7
113	36	10
113	37	10
113	38	1
113	43	14
113	46	1
113	50	12
113	61	4
113	62	13
113	64	4
113	70	4
113	71	16
113	72	20
113	73	13
113	78	10
113	81	14
113	88	17
113	89	14
113	92	6
113	93	2
113	94	1
113	101	17
113	105	18
113	106	14
113	112	17
113	114	17
113	116	12
113	119	20
113	121	5
113	127	1
113	130	17
113	136	18
113	141	3
113	142	16
113	144	19
113	148	11
113	149	3
113	158	9
113	162	5
113	163	7
113	173	8
113	175	4
113	177	5
113	178	10
113	180	13
113	184	6
113	186	7
113	190	7
114	8	18
114	9	8
114	17	9
114	25	4
114	28	2
114	35	20
114	39	7
114	40	20
114	41	17
114	44	8
114	57	7
114	58	10
114	59	7
114	60	10
114	61	16
114	62	18
114	63	19
114	71	14
114	75	11
114	80	10
114	83	4
114	86	12
114	87	8
114	90	1
114	91	12
114	99	2
114	100	6
114	102	15
114	104	20
114	109	19
114	113	20
114	115	38
114	121	13
114	122	6
114	127	6
114	129	20
114	130	8
114	132	16
114	133	7
114	135	15
114	136	8
114	148	2
114	164	7
114	175	14
114	179	16
114	182	3
114	185	5
114	192	10
114	196	12
114	197	19
114	198	20
115	4	15
115	10	18
115	11	13
115	14	5
115	15	4
115	25	13
115	29	8
115	30	1
115	31	2
115	32	13
115	36	2
115	44	16
115	52	12
115	61	6
115	62	14
115	70	8
115	76	2
115	96	14
115	104	5
115	106	12
115	114	3
115	116	16
115	123	7
115	127	11
115	135	15
115	137	2
115	143	2
115	154	2
115	158	4
115	159	11
115	160	20
115	161	7
115	165	17
115	176	3
115	178	8
115	182	19
115	189	16
115	197	3
115	198	10
115	200	6
116	1	14
116	3	7
116	5	17
116	7	19
116	11	2
116	14	20
116	22	6
116	25	16
116	26	18
116	28	1
116	32	3
116	34	14
116	38	17
116	42	11
116	47	17
116	51	3
116	52	15
116	61	4
116	67	1
116	69	4
116	78	10
116	81	17
116	86	4
116	89	3
116	91	11
116	94	15
116	99	2
116	104	18
116	107	17
116	115	12
116	117	8
116	121	3
116	128	5
116	133	2
116	140	20
116	145	10
116	154	17
116	155	8
116	159	10
116	162	20
116	167	14
116	176	8
116	184	4
116	185	17
116	191	7
116	193	14
116	198	13
116	199	15
117	2	10
117	4	15
117	6	14
117	8	13
117	10	6
117	15	11
117	17	12
117	18	17
117	22	9
117	40	13
117	41	19
117	43	1
117	45	1
117	48	3
117	49	3
117	50	17
117	52	15
117	57	19
117	58	9
117	59	10
117	67	5
117	71	18
117	73	14
117	92	4
117	102	9
117	103	13
117	104	13
117	108	13
117	111	7
117	116	19
117	118	1
117	119	13
117	122	13
117	126	19
117	129	11
117	137	8
117	139	11
117	146	15
117	148	11
117	152	18
117	157	19
117	160	6
117	169	6
117	177	7
117	178	5
117	185	4
117	189	15
117	190	14
117	191	18
117	194	14
117	196	18
118	6	16
118	24	6
118	25	9
118	26	8
118	29	7
118	31	11
118	39	6
118	40	10
118	46	3
118	54	3
118	55	19
118	60	3
118	61	19
118	63	18
118	66	8
118	74	5
118	75	4
118	86	7
118	92	7
118	96	10
118	108	12
118	110	6
118	111	2
118	116	12
118	117	16
118	119	12
118	120	18
118	124	19
118	125	2
118	132	1
118	138	17
118	139	20
118	145	4
118	150	17
118	155	6
118	158	4
118	161	11
118	163	12
118	168	4
118	177	18
118	192	16
118	194	18
118	198	11
118	200	14
119	2	10
119	3	3
119	19	20
119	26	1
119	27	19
119	28	17
119	29	15
119	30	15
119	45	3
119	46	2
119	49	6
119	50	8
119	56	9
119	66	1
119	67	9
119	70	3
119	75	15
119	79	4
119	81	4
119	84	6
119	90	7
119	91	14
119	99	18
119	101	7
119	111	11
119	115	16
119	117	7
119	118	26
119	120	4
119	125	19
119	131	20
119	134	17
119	136	19
119	148	11
119	149	4
119	156	17
119	162	11
119	182	2
119	194	17
119	197	7
120	1	4
120	4	6
120	13	11
120	16	12
120	25	8
120	27	9
120	29	20
120	52	4
120	54	10
120	57	15
120	60	10
120	63	7
120	68	16
120	69	12
120	73	14
120	77	20
120	84	13
120	92	10
120	95	20
120	96	17
120	99	9
120	106	9
120	112	6
120	113	8
120	118	7
120	119	15
120	121	10
120	122	16
120	127	5
120	131	9
120	132	17
120	133	6
120	137	16
120	144	4
120	170	17
120	184	18
120	188	17
120	191	14
120	192	1
120	193	20
120	199	15
121	6	6
121	11	8
121	17	18
121	26	5
121	30	4
121	35	9
121	36	14
121	37	17
121	38	2
121	39	15
121	40	1
121	50	3
121	53	17
121	55	2
121	57	11
121	59	7
121	62	13
121	64	4
121	68	12
121	69	15
121	80	4
121	83	13
121	86	11
121	106	12
121	107	12
121	108	6
121	109	13
121	117	2
121	120	18
121	122	4
121	123	19
121	125	2
121	133	3
121	134	7
121	136	2
121	139	14
121	143	5
121	147	9
121	150	2
121	154	9
121	155	1
121	162	10
121	169	17
121	174	1
121	175	20
121	178	18
121	184	2
121	186	15
121	190	7
121	191	17
121	199	3
122	1	13
122	6	19
122	9	13
122	10	18
122	14	14
122	21	20
122	22	2
122	34	12
122	35	17
122	46	8
122	50	3
122	53	1
122	57	11
122	68	16
122	69	5
122	70	3
122	74	19
122	75	18
122	96	9
122	97	16
122	100	19
122	101	13
122	115	10
122	120	19
122	121	12
122	123	3
122	124	19
122	131	4
122	136	15
122	139	2
122	144	12
122	151	10
122	152	13
122	153	9
122	154	11
122	158	4
122	171	13
122	179	15
122	184	16
122	186	1
122	195	13
122	197	8
122	199	1
122	200	1
123	1	5
123	9	5
123	13	1
123	19	7
123	22	1
123	23	1
123	26	4
123	27	11
123	31	3
123	34	6
123	43	13
123	48	1
123	55	7
123	61	8
123	70	11
123	72	3
123	75	2
123	83	3
123	89	16
123	90	16
123	92	10
123	95	14
123	96	11
123	99	16
123	101	10
123	102	13
123	103	16
123	107	19
123	122	16
123	124	38
123	128	16
123	135	4
123	139	13
123	143	3
123	146	4
123	149	2
123	154	19
123	156	4
123	164	19
123	165	11
123	171	10
123	173	13
123	177	14
123	178	13
123	179	14
123	189	2
124	3	6
124	8	11
124	14	14
124	17	15
124	18	6
124	20	11
124	22	14
124	25	4
124	31	12
124	32	10
124	36	19
124	37	13
124	38	12
124	39	2
124	40	7
124	42	20
124	47	7
124	54	19
124	56	8
124	58	4
124	59	3
124	61	12
124	62	10
124	74	10
124	79	10
124	81	5
124	83	10
124	89	2
124	94	5
124	96	15
124	97	7
124	103	18
124	104	13
124	106	5
124	107	7
124	116	1
124	118	15
124	119	19
124	123	8
124	125	2
124	126	20
124	128	11
124	133	2
124	136	15
124	141	19
124	145	3
124	146	10
124	147	3
124	156	14
124	157	1
124	159	15
124	160	16
124	165	18
124	166	1
124	167	16
124	168	13
124	170	15
124	171	7
124	178	10
124	188	17
124	189	7
124	191	13
124	197	17
124	198	9
125	7	12
125	12	2
125	15	19
125	16	2
125	19	17
125	24	9
125	27	15
125	30	6
125	39	12
125	50	12
125	64	19
125	66	6
125	76	9
125	88	8
125	93	13
125	102	13
125	103	4
125	110	16
125	111	12
125	113	3
125	120	11
125	124	19
125	126	13
125	131	17
125	132	14
125	136	9
125	138	4
125	139	6
125	145	18
125	146	15
125	150	6
125	152	15
125	155	7
125	159	4
125	162	1
125	163	8
125	164	11
125	173	18
125	174	7
125	177	20
125	181	6
125	182	15
125	184	14
125	185	15
125	187	6
125	191	15
125	192	8
125	194	2
125	200	9
126	2	10
126	7	2
126	19	5
126	21	16
126	29	10
126	30	3
126	36	11
126	37	16
126	42	14
126	47	8
126	48	11
126	51	17
126	58	19
126	60	10
126	64	16
126	65	7
126	67	18
126	71	3
126	72	20
126	77	12
126	80	5
126	81	6
126	82	5
126	90	4
126	93	18
126	99	12
126	100	8
126	101	9
126	102	18
126	125	17
126	127	13
126	133	7
126	138	6
126	165	3
126	168	16
126	184	20
126	186	6
126	188	4
126	189	14
126	194	20
127	8	6
127	9	11
127	10	12
127	12	7
127	14	20
127	21	2
127	22	3
127	23	11
127	27	15
127	28	11
127	29	18
127	31	9
127	32	5
127	33	3
127	34	2
127	35	15
127	36	9
127	40	18
127	42	5
127	45	9
127	47	13
127	48	8
127	54	11
127	57	19
127	60	1
127	64	4
127	75	15
127	93	1
127	96	14
127	102	12
127	104	17
127	105	16
127	114	3
127	122	4
127	125	3
127	126	34
127	128	8
127	129	5
127	130	18
127	133	18
127	136	4
127	142	15
127	143	19
127	150	6
127	156	5
127	157	18
127	163	7
127	165	7
127	166	11
127	168	3
127	169	2
127	170	7
127	171	11
127	175	6
127	179	16
127	182	17
127	185	15
127	190	1
127	198	9
127	200	3
128	6	13
128	8	12
128	19	6
128	20	9
128	27	19
128	31	6
128	33	6
128	34	3
128	38	18
128	40	18
128	48	2
128	51	5
128	54	15
128	66	8
128	68	10
128	70	20
128	73	2
128	79	2
128	82	19
128	84	18
128	87	18
128	90	12
128	92	5
128	100	20
128	107	6
128	117	20
128	119	5
128	120	3
128	121	7
128	123	5
128	127	13
128	129	13
128	133	2
128	136	11
128	137	1
128	139	12
128	142	20
128	147	6
128	149	7
128	151	15
128	152	17
128	155	14
128	164	18
128	172	12
128	176	18
128	177	8
128	181	17
128	185	18
128	188	8
128	190	16
128	195	6
128	196	4
128	200	16
129	4	12
129	5	18
129	9	14
129	12	17
129	23	19
129	32	7
129	39	8
129	44	4
129	51	15
129	59	19
129	63	13
129	64	9
129	66	13
129	68	19
129	74	9
129	81	11
129	85	18
129	87	16
129	98	18
129	100	12
129	108	16
129	111	7
129	113	13
129	116	7
129	118	12
129	126	3
129	128	24
129	130	3
129	133	12
129	134	17
129	148	2
129	150	13
129	155	16
129	157	5
129	160	3
129	163	15
129	170	15
129	180	3
129	181	1
129	182	14
129	184	13
129	188	20
129	191	17
129	193	8
129	200	17
130	2	6
130	4	14
130	16	7
130	27	13
130	29	2
130	37	20
130	41	5
130	42	8
130	46	1
130	55	8
130	58	9
130	63	13
130	66	18
130	68	18
130	70	13
130	71	5
130	77	19
130	82	1
130	86	1
130	103	9
130	108	17
130	109	17
130	112	2
130	120	13
130	128	18
130	129	4
130	131	17
130	132	16
130	133	2
130	136	5
130	140	3
130	146	19
130	151	8
130	153	20
130	158	17
130	159	20
130	162	17
130	165	5
130	169	10
130	170	7
130	173	2
130	179	6
130	185	4
130	186	12
130	187	11
130	193	7
130	196	7
130	197	20
130	199	19
131	5	12
131	12	7
131	13	10
131	25	14
131	32	1
131	49	2
131	50	11
131	52	18
131	55	11
131	59	1
131	60	15
131	64	13
131	65	20
131	66	6
131	67	15
131	71	13
131	73	4
131	75	14
131	76	10
131	77	6
131	81	18
131	87	17
131	91	18
131	92	15
131	102	10
131	103	15
131	105	1
131	111	14
131	112	15
131	123	15
131	124	19
131	126	2
131	129	11
131	130	7
131	132	6
131	133	9
131	134	9
131	137	13
131	141	18
131	151	16
131	156	19
131	162	12
131	178	20
131	179	2
131	183	17
131	191	6
131	193	6
131	195	6
131	196	9
131	197	10
132	2	13
132	4	16
132	8	4
132	10	12
132	11	10
132	12	9
132	13	8
132	14	2
132	16	4
132	22	5
132	24	10
132	35	7
132	40	17
132	48	14
132	51	19
132	52	3
132	56	4
132	67	4
132	74	2
132	86	14
132	88	9
132	99	10
132	101	5
132	102	12
132	104	10
132	107	20
132	109	12
132	110	10
132	113	11
132	118	16
132	131	38
132	133	17
132	135	6
132	137	6
132	141	7
132	149	18
132	150	3
132	158	17
132	159	1
132	177	19
132	186	4
132	190	16
132	191	17
132	192	5
132	194	3
132	195	13
132	200	18
133	4	5
133	10	19
133	13	4
133	14	7
133	15	14
133	22	4
133	27	15
133	31	17
133	34	10
133	35	13
133	38	6
133	40	20
133	47	5
133	50	3
133	58	3
133	60	1
133	62	17
133	63	4
133	69	13
133	71	9
133	77	20
133	78	6
133	91	3
133	97	16
133	100	18
133	110	9
133	114	20
133	118	9
133	120	3
133	126	2
133	131	18
133	132	4
133	134	9
133	139	7
133	144	9
133	153	9
133	154	12
133	159	16
133	160	3
133	174	1
133	176	9
133	181	15
133	184	8
133	186	19
133	190	5
133	192	11
133	193	4
133	194	9
133	195	19
133	196	7
133	198	5
134	3	18
134	4	18
134	10	6
134	11	5
134	16	6
134	18	19
134	20	15
134	23	13
134	28	20
134	37	4
134	38	8
134	55	6
134	56	8
134	61	15
134	63	2
134	65	17
134	68	16
134	70	4
134	73	1
134	77	12
134	78	17
134	80	10
134	86	14
134	87	1
134	89	6
134	94	6
134	98	11
134	99	16
134	102	13
134	103	20
134	105	6
134	106	20
134	115	15
134	118	7
134	120	4
134	124	16
134	125	17
134	128	2
134	129	9
134	133	4
134	135	5
134	137	18
134	139	11
134	141	14
134	143	11
134	148	20
134	153	5
134	165	1
134	170	14
134	172	6
134	173	16
134	174	18
134	179	20
134	182	10
134	183	12
134	184	9
134	188	18
134	194	4
134	195	20
135	8	20
135	11	9
135	12	2
135	21	20
135	22	11
135	34	3
135	38	8
135	47	8
135	52	10
135	60	16
135	62	4
135	68	19
135	70	10
135	71	15
135	72	3
135	85	9
135	90	16
135	113	2
135	120	17
135	121	7
135	122	11
135	127	10
135	129	2
135	130	19
135	133	2
135	134	16
135	136	6
135	144	20
135	146	4
135	148	18
135	150	16
135	155	20
135	158	15
135	161	13
135	164	5
135	166	15
135	171	5
135	176	12
135	180	10
135	189	20
135	194	11
135	196	6
135	198	5
135	200	17
136	1	10
136	3	14
136	5	10
136	13	7
136	14	19
136	26	13
136	29	1
136	31	4
136	33	13
136	39	16
136	40	9
136	63	3
136	71	16
136	73	16
136	83	10
136	93	6
136	94	18
136	96	7
136	99	20
136	100	5
136	109	3
136	118	10
136	120	14
136	121	3
136	127	6
136	128	6
136	131	6
136	135	15
136	137	18
136	140	17
136	144	11
136	146	2
136	149	10
136	159	9
136	166	5
136	177	11
136	179	16
136	182	7
136	186	9
136	187	5
136	188	2
136	189	1
136	197	15
137	1	9
137	3	9
137	5	4
137	10	16
137	11	4
137	37	8
137	39	13
137	40	16
137	41	6
137	42	12
137	49	1
137	51	8
137	55	15
137	57	6
137	62	18
137	70	4
137	73	14
137	74	13
137	77	9
137	78	13
137	90	12
137	91	19
137	100	17
137	102	18
137	104	7
137	108	17
137	111	1
137	113	18
137	116	19
137	120	11
137	127	7
137	129	16
137	130	2
137	131	9
137	136	5
137	138	12
137	142	20
137	145	13
137	159	14
137	164	5
137	168	4
137	169	19
137	170	1
137	171	10
137	174	13
137	176	18
137	180	7
137	182	17
137	193	19
137	195	18
137	196	2
137	197	11
137	198	5
137	199	4
138	4	4
138	8	5
138	12	11
138	14	5
138	15	7
138	16	1
138	21	10
138	22	8
138	24	5
138	27	2
138	30	1
138	32	2
138	35	9
138	40	5
138	41	1
138	46	4
138	47	13
138	49	14
138	50	3
138	51	9
138	53	12
138	54	20
138	58	15
138	60	16
138	63	7
138	67	20
138	69	11
138	76	15
138	82	18
138	85	15
138	86	19
138	89	13
138	90	14
138	92	8
138	93	9
138	101	10
138	105	2
138	106	2
138	107	17
138	108	16
138	112	2
138	122	1
138	131	14
138	137	4
138	139	11
138	141	20
138	143	17
138	145	14
138	147	15
138	148	18
138	151	15
138	154	12
138	157	2
138	170	11
138	171	11
138	175	20
138	176	7
138	178	17
138	181	6
138	183	2
138	186	13
138	188	12
138	196	5
139	11	13
139	15	15
139	16	1
139	28	20
139	29	9
139	30	11
139	33	19
139	34	7
139	35	17
139	36	18
139	44	8
139	49	4
139	60	12
139	63	19
139	66	11
139	70	17
139	73	2
139	75	16
139	77	7
139	81	15
139	86	15
139	87	3
139	95	5
139	97	2
139	100	6
139	108	6
139	109	12
139	112	15
139	117	19
139	123	6
139	124	19
139	127	7
139	129	7
139	133	3
139	134	8
139	138	36
139	140	16
139	147	2
139	149	19
139	154	8
139	159	13
139	164	17
139	171	18
139	173	3
139	176	16
139	178	20
139	182	14
139	185	4
139	187	10
139	195	1
139	197	2
139	200	2
140	18	10
140	21	20
140	27	20
140	32	16
140	39	8
140	40	20
140	43	18
140	44	18
140	45	8
140	51	18
140	52	14
140	53	9
140	59	9
140	61	4
140	62	15
140	67	5
140	68	11
140	72	17
140	78	8
140	80	3
140	93	11
140	94	17
140	96	11
140	97	4
140	98	2
140	100	4
140	102	8
140	103	18
140	104	1
140	107	13
140	115	13
140	117	15
140	122	5
140	123	13
140	124	9
140	125	2
140	126	13
140	127	3
140	128	4
140	130	6
140	139	16
140	141	6
140	143	11
140	152	7
140	161	4
140	162	16
140	163	16
140	164	14
140	171	19
140	172	10
140	174	7
140	176	6
140	179	10
140	181	9
140	182	17
140	187	17
140	189	9
140	191	2
141	1	11
141	7	20
141	8	17
141	9	16
141	10	10
141	11	1
141	18	9
141	23	18
141	32	2
141	42	6
141	56	5
141	61	3
141	62	13
141	63	15
141	64	17
141	69	17
141	75	20
141	76	10
141	78	9
141	79	18
141	82	2
141	85	2
141	87	19
141	88	7
141	94	7
141	98	11
141	109	16
141	114	18
141	115	11
141	116	3
141	119	6
141	120	17
141	122	9
141	125	5
141	126	13
141	130	2
141	132	5
141	133	14
141	134	3
141	140	18
141	142	11
141	144	13
141	148	3
141	151	2
141	154	8
141	155	12
141	160	18
141	161	16
141	164	8
141	168	11
141	169	9
141	170	13
141	171	7
141	181	13
141	185	18
141	187	10
141	188	19
141	191	10
141	195	7
141	198	13
142	1	6
142	4	4
142	9	2
142	12	5
142	14	10
142	20	15
142	22	12
142	25	11
142	26	17
142	27	14
142	32	5
142	34	9
142	37	9
142	38	8
142	51	20
142	53	7
142	57	16
142	58	13
142	61	17
142	72	16
142	78	9
142	81	19
142	83	19
142	87	2
142	89	17
142	93	17
142	94	18
142	96	11
142	104	6
142	106	7
142	109	6
142	113	9
142	118	4
142	122	1
142	123	10
142	128	10
142	129	10
142	131	1
142	133	19
142	134	11
142	141	18
142	143	17
142	154	14
142	160	18
142	161	2
142	163	8
142	164	1
142	167	6
142	174	3
142	180	10
142	182	5
142	183	9
142	189	16
142	195	19
142	199	16
143	6	10
143	13	2
143	22	1
143	23	9
143	24	13
143	25	19
143	29	4
143	32	8
143	35	1
143	46	10
143	52	4
143	55	4
143	60	5
143	83	14
143	93	12
143	99	11
143	101	14
143	106	1
143	108	18
143	109	13
143	110	2
143	111	20
143	117	1
143	122	2
143	124	12
143	126	13
143	132	9
143	139	11
143	141	19
143	142	7
143	144	18
143	149	2
143	151	6
143	153	8
143	154	4
143	157	7
143	158	12
143	159	16
143	160	15
143	170	12
143	191	11
143	192	20
143	193	4
144	2	14
144	6	20
144	7	15
144	8	5
144	10	19
144	24	14
144	26	19
144	29	2
144	32	5
144	40	1
144	52	11
144	54	1
144	56	15
144	59	3
144	63	14
144	65	12
144	67	7
144	81	11
144	83	11
144	88	5
144	90	19
144	92	18
144	93	1
144	94	12
144	98	19
144	114	13
144	116	11
144	118	11
144	123	7
144	124	3
144	129	17
144	139	17
144	142	4
144	143	2
144	145	4
144	152	16
144	154	7
144	156	4
144	162	7
144	164	4
144	166	4
144	167	8
144	168	17
144	169	12
144	173	4
144	174	20
144	189	18
144	190	14
144	192	20
144	194	14
144	200	6
145	3	15
145	5	14
145	6	8
145	9	15
145	10	5
145	12	1
145	13	18
145	23	1
145	24	2
145	28	3
145	33	9
145	38	16
145	42	6
145	43	15
145	46	2
145	48	12
145	52	12
145	53	20
145	54	1
145	62	10
145	63	13
145	67	15
145	68	3
145	70	5
145	75	20
145	77	10
145	78	5
145	79	15
145	81	15
145	89	7
145	90	16
145	98	11
145	100	9
145	102	10
145	104	1
145	123	9
145	125	20
145	132	16
145	133	1
145	134	18
145	141	9
145	142	9
145	144	2
145	146	15
145	149	13
145	153	9
145	154	3
145	157	19
145	158	17
145	160	18
145	166	10
145	169	9
145	170	16
145	173	13
145	177	15
145	178	19
145	183	15
145	184	17
145	188	2
145	189	6
145	190	18
145	200	15
146	2	16
146	5	18
146	6	16
146	8	7
146	14	15
146	18	7
146	20	5
146	26	11
146	28	7
146	35	3
146	37	2
146	44	4
146	49	16
146	51	9
146	52	8
146	57	17
146	60	12
146	61	9
146	62	9
146	65	5
146	67	2
146	70	4
146	75	8
146	89	7
146	91	11
146	97	9
146	101	8
146	103	12
146	106	8
146	109	12
146	110	3
146	114	14
146	117	15
146	118	2
146	123	6
146	127	18
146	130	15
146	135	16
146	145	15
146	147	16
146	149	14
146	152	9
146	153	13
146	164	11
146	168	13
146	179	1
146	183	18
146	185	15
146	192	5
146	193	2
146	196	1
146	197	9
146	200	1
147	11	20
147	12	15
147	13	1
147	23	10
147	27	6
147	28	16
147	30	15
147	31	18
147	39	6
147	43	18
147	45	2
147	46	16
147	48	8
147	57	8
147	62	11
147	63	2
147	79	4
147	83	4
147	86	12
147	87	18
147	90	2
147	91	8
147	96	11
147	100	13
147	105	16
147	112	6
147	113	15
147	115	2
147	120	19
147	121	15
147	125	11
147	128	1
147	130	17
147	142	12
147	143	6
147	146	3
147	148	15
147	149	4
147	151	7
147	152	8
147	155	2
147	157	15
147	160	18
147	162	18
147	166	2
147	169	11
147	172	6
147	173	3
147	175	8
147	184	2
147	188	8
147	189	17
147	193	4
147	195	18
148	1	15
148	5	8
148	6	8
148	13	14
148	27	16
148	35	4
148	40	6
148	41	7
148	42	1
148	56	7
148	57	14
148	59	19
148	66	8
148	71	6
148	73	5
148	74	9
148	76	8
148	77	3
148	86	13
148	88	15
148	92	13
148	103	18
148	109	5
148	112	9
148	113	11
148	116	13
148	120	5
148	122	5
148	124	17
148	131	16
148	143	14
148	144	7
148	145	16
148	147	5
148	149	19
148	151	6
148	152	14
148	154	13
148	158	7
148	165	3
148	175	12
148	187	4
148	194	5
149	1	10
149	3	9
149	10	12
149	11	9
149	19	14
149	20	8
149	24	2
149	27	1
149	28	7
149	34	4
149	37	11
149	48	9
149	55	11
149	57	13
149	61	11
149	65	16
149	66	20
149	67	12
149	68	1
149	69	5
149	74	11
149	75	3
149	78	18
149	82	12
149	83	18
149	88	5
149	94	2
149	100	14
149	102	14
149	104	7
149	106	13
149	107	20
149	117	11
149	124	6
149	125	12
149	129	10
149	140	20
149	144	13
149	148	18
149	150	32
149	157	3
149	160	3
149	171	1
149	180	11
149	183	16
149	184	10
149	187	15
150	1	17
150	7	7
150	10	5
150	17	14
150	18	19
150	19	17
150	22	18
150	34	15
150	37	3
150	40	12
150	44	3
150	47	11
150	48	2
150	49	7
150	52	8
150	54	5
150	55	16
150	57	15
150	60	1
150	64	15
150	72	14
150	74	1
150	87	17
150	96	15
150	101	2
150	107	17
150	108	8
150	115	4
150	118	13
150	121	8
150	127	18
150	130	8
150	132	15
150	134	14
150	136	6
150	139	11
150	146	18
150	149	2
150	151	26
150	154	9
150	158	2
150	159	10
150	161	7
150	163	8
150	165	4
150	170	14
150	171	10
150	174	19
150	179	15
150	181	18
150	182	19
150	183	12
150	189	6
150	193	7
150	195	1
150	196	6
151	3	4
151	11	20
151	17	11
151	21	4
151	28	4
151	31	18
151	40	11
151	41	17
151	49	16
151	64	1
151	67	14
151	68	11
151	76	6
151	78	17
151	79	20
151	84	5
151	87	8
151	91	7
151	95	8
151	96	2
151	97	13
151	101	16
151	103	17
151	105	16
151	106	20
151	108	15
151	111	4
151	113	6
151	118	19
151	122	16
151	124	8
151	126	10
151	138	6
151	139	18
151	140	12
151	141	19
151	143	7
151	150	16
151	152	34
151	161	4
151	165	11
151	167	6
151	168	19
151	172	6
151	173	10
151	180	6
151	184	9
151	186	10
151	188	5
151	189	6
151	191	20
151	197	19
151	200	18
152	8	19
152	9	6
152	16	7
152	17	16
152	28	12
152	35	9
152	36	6
152	50	3
152	51	15
152	55	6
152	56	4
152	57	8
152	58	13
152	60	11
152	64	11
152	66	13
152	67	2
152	68	6
152	73	20
152	77	15
152	92	13
152	107	3
152	117	13
152	125	11
152	128	12
152	132	16
152	140	3
152	144	5
152	148	14
152	151	6
152	153	3
152	154	18
152	166	3
152	168	20
152	173	17
152	175	17
152	177	9
152	185	5
152	186	6
152	189	7
152	191	15
152	192	11
152	193	12
152	195	15
153	1	5
153	7	13
153	10	9
153	13	20
153	17	20
153	21	7
153	29	18
153	31	14
153	34	7
153	41	8
153	44	1
153	53	14
153	59	1
153	61	5
153	64	5
153	74	12
153	87	9
153	93	1
153	105	7
153	106	15
153	107	2
153	108	19
153	113	17
153	116	16
153	119	2
153	126	18
153	127	9
153	137	10
153	143	18
153	146	1
153	152	19
153	154	6
153	172	13
153	176	15
153	188	11
153	190	11
153	191	13
153	192	15
153	193	18
153	200	1
154	10	1
154	13	3
154	16	15
154	18	14
154	21	15
154	26	16
154	30	15
154	33	11
154	36	9
154	37	9
154	40	12
154	42	6
154	43	9
154	51	17
154	57	3
154	61	6
154	62	2
154	63	2
154	66	20
154	69	5
154	80	7
154	83	16
154	84	17
154	91	15
154	94	4
154	95	20
154	96	8
154	123	18
154	131	6
154	135	7
154	138	14
154	141	11
154	144	13
154	145	1
154	146	19
154	149	8
154	153	22
154	155	2
154	156	15
154	161	6
154	162	7
154	173	17
154	174	12
154	179	19
154	183	20
154	188	9
154	191	18
154	192	11
154	196	17
154	197	3
154	199	5
155	9	6
155	13	11
155	15	1
155	18	9
155	25	2
155	30	7
155	31	18
155	36	13
155	42	16
155	49	5
155	50	14
155	54	4
155	58	1
155	62	11
155	71	6
155	73	14
155	82	10
155	83	18
155	84	11
155	87	3
155	88	9
155	91	2
155	92	3
155	98	18
155	104	11
155	105	19
155	107	5
155	108	3
155	112	7
155	125	2
155	135	9
155	141	2
155	145	19
155	147	19
155	150	16
155	151	18
155	154	5
155	156	8
155	158	8
155	162	9
155	164	5
155	165	17
155	169	1
155	171	3
155	175	17
155	179	11
155	181	13
155	185	2
155	188	9
155	191	17
155	198	13
155	199	7
156	3	10
156	5	6
156	6	5
156	9	17
156	19	16
156	20	13
156	24	7
156	31	16
156	35	20
156	39	13
156	47	13
156	48	3
156	51	2
156	55	4
156	57	2
156	60	13
156	65	19
156	74	15
156	77	16
156	79	5
156	80	4
156	86	7
156	90	8
156	92	11
156	93	1
156	94	14
156	104	5
156	108	19
156	120	12
156	129	15
156	130	5
156	135	6
156	136	19
156	151	1
156	155	7
156	157	6
156	158	15
156	161	18
156	162	20
156	166	9
156	169	19
156	174	2
156	175	7
156	179	14
156	183	14
156	195	6
157	1	20
157	2	19
157	11	7
157	13	3
157	14	1
157	16	17
157	20	19
157	24	8
157	29	16
157	34	5
157	40	2
157	53	12
157	57	3
157	58	3
157	63	17
157	65	8
157	70	16
157	74	18
157	75	6
157	83	14
157	86	4
157	101	3
157	103	14
157	113	12
157	116	16
157	118	3
157	120	16
157	127	17
157	129	8
157	131	9
157	138	7
157	144	13
157	145	19
157	153	16
157	156	18
157	158	8
157	164	11
157	167	7
157	168	19
157	169	7
157	171	6
157	191	4
157	193	8
157	194	10
157	197	17
157	200	16
158	1	12
158	4	11
158	5	1
158	8	5
158	10	18
158	12	18
158	14	20
158	22	14
158	23	5
158	24	13
158	25	3
158	28	20
158	32	3
158	51	7
158	53	8
158	55	18
158	59	7
158	60	3
158	61	10
158	66	3
158	75	12
158	76	9
158	79	10
158	80	17
158	82	13
158	83	14
158	84	9
158	85	10
158	90	12
158	92	9
158	102	14
158	103	6
158	110	5
158	111	8
158	114	6
158	115	4
158	116	10
158	118	14
158	119	12
158	125	20
158	127	18
158	140	18
158	142	5
158	152	3
158	157	16
158	159	32
158	160	8
158	161	3
158	163	18
158	164	17
158	170	18
158	181	2
158	188	13
158	190	13
158	191	10
158	195	2
158	200	14
159	4	4
159	5	18
159	10	8
159	18	6
159	19	1
159	22	7
159	25	1
159	30	1
159	33	13
159	38	7
159	53	11
159	55	20
159	57	1
159	58	19
159	61	10
159	66	12
159	67	19
159	73	20
159	80	6
159	82	13
159	84	3
159	91	4
159	92	18
159	94	12
159	98	19
159	105	11
159	112	13
159	116	4
159	121	16
159	127	15
159	128	10
159	132	18
159	135	4
159	137	1
159	138	6
159	140	19
159	141	7
159	145	11
159	146	17
159	149	16
159	150	10
159	153	20
159	156	10
159	157	5
159	158	13
159	160	16
159	169	2
159	171	4
159	175	6
159	177	3
159	190	10
159	192	4
159	200	1
160	11	13
160	12	18
160	18	8
160	19	4
160	21	18
160	22	10
160	23	3
160	27	5
160	40	6
160	41	10
160	47	7
160	49	20
160	51	10
160	58	1
160	62	8
160	70	14
160	74	8
160	75	11
160	81	10
160	85	5
160	87	20
160	89	17
160	94	19
160	103	5
160	106	14
160	108	5
160	118	7
160	125	19
160	126	9
160	127	18
160	129	14
160	131	3
160	135	19
160	138	2
160	139	4
160	140	9
160	143	3
160	145	2
160	148	6
160	150	8
160	152	16
160	153	15
160	154	19
160	156	11
160	158	4
160	159	2
160	161	19
160	163	9
160	165	5
160	168	8
160	173	6
160	176	3
160	182	14
160	183	1
160	189	5
160	196	7
160	197	4
161	1	19
161	6	15
161	7	2
161	11	3
161	12	6
161	15	14
161	17	5
161	18	1
161	19	6
161	26	20
161	27	4
161	28	6
161	31	2
161	33	11
161	36	11
161	38	13
161	41	6
161	42	18
161	44	20
161	46	10
161	49	19
161	56	13
161	60	14
161	61	10
161	64	10
161	68	6
161	71	19
161	75	18
161	85	7
161	88	7
161	94	7
161	100	11
161	101	12
161	112	19
161	116	18
161	117	9
161	120	15
161	121	20
161	123	16
161	124	17
161	125	15
161	131	6
161	134	6
161	137	11
161	146	16
161	147	20
161	150	14
161	154	9
161	156	7
161	160	1
161	162	20
161	163	8
161	166	14
161	167	15
161	175	15
161	179	13
161	180	11
161	181	1
161	190	5
161	191	14
161	196	18
161	198	9
161	200	20
162	4	12
162	5	2
162	7	16
162	10	14
162	11	14
162	14	15
162	22	8
162	24	1
162	26	4
162	29	14
162	38	16
162	40	19
162	47	5
162	58	16
162	61	11
162	63	13
162	67	17
162	68	7
162	69	8
162	70	10
162	81	1
162	96	19
162	97	9
162	110	2
162	112	12
162	118	17
162	127	5
162	128	12
162	132	20
162	137	9
162	140	9
162	154	3
162	155	11
162	161	1
162	163	13
162	165	4
162	167	19
162	168	4
162	171	15
162	190	2
162	199	1
163	29	13
163	30	17
163	31	3
163	32	15
163	38	20
163	39	19
163	43	10
163	47	10
163	49	2
163	52	16
163	55	6
163	60	17
163	63	2
163	69	20
163	84	4
163	87	12
163	99	12
163	101	12
163	105	17
163	106	19
163	110	14
163	113	6
163	120	14
163	124	20
163	125	3
163	134	14
163	137	7
163	139	9
163	140	4
163	146	9
163	149	13
163	153	10
163	156	13
163	159	11
163	162	14
163	164	2
163	172	19
163	173	5
163	177	7
163	179	5
163	180	11
163	181	14
163	189	20
163	190	18
163	191	20
163	197	17
164	3	8
164	4	14
164	5	19
164	11	8
164	18	12
164	19	11
164	21	17
164	25	2
164	27	17
164	28	18
164	37	7
164	40	10
164	48	12
164	50	15
164	53	11
164	60	18
164	62	13
164	66	9
164	68	8
164	81	12
164	86	17
164	92	19
164	94	17
164	101	1
164	102	20
164	105	15
164	107	5
164	116	9
164	118	9
164	119	6
164	127	4
164	134	2
164	136	15
164	138	17
164	139	16
164	146	1
164	149	20
164	152	7
164	157	13
164	159	18
164	163	24
164	165	14
164	166	4
164	168	9
164	171	7
164	174	16
164	181	17
164	183	16
164	186	9
164	187	15
164	188	12
164	190	16
164	192	1
164	193	11
164	199	12
165	9	19
165	16	1
165	17	8
165	19	6
165	21	20
165	22	19
165	26	6
165	27	5
165	41	3
165	59	7
165	62	17
165	64	19
165	66	3
165	71	4
165	72	2
165	73	3
165	79	3
165	80	7
165	82	19
165	85	5
165	87	9
165	88	9
165	94	6
165	95	4
165	96	16
165	97	13
165	100	5
165	101	14
165	102	4
165	108	1
165	109	17
165	110	15
165	113	3
165	114	5
165	118	14
165	124	5
165	125	8
165	127	19
165	131	5
165	133	20
165	135	18
165	136	5
165	140	2
165	141	10
165	144	8
165	146	7
165	149	20
165	152	2
165	159	20
165	164	18
165	166	15
165	168	2
165	175	14
165	186	14
165	190	20
165	194	15
165	197	11
166	4	18
166	8	11
166	10	15
166	15	20
166	18	2
166	36	19
166	38	1
166	43	11
166	47	11
166	48	13
166	53	8
166	54	9
166	55	16
166	61	2
166	69	19
166	70	8
166	72	12
166	73	4
166	75	7
166	83	19
166	84	16
166	88	13
166	89	5
166	93	11
166	95	5
166	96	8
166	97	8
166	101	13
166	102	4
166	106	8
166	108	15
166	114	9
166	117	20
166	124	13
166	125	19
166	126	2
166	130	2
166	132	16
166	137	11
166	140	15
166	143	20
166	144	16
166	149	1
166	150	1
166	152	6
166	154	15
166	155	2
166	158	6
166	161	3
166	164	13
166	165	15
166	167	1
166	170	10
166	177	4
166	179	7
166	185	17
166	187	1
166	196	15
167	2	13
167	3	17
167	4	3
167	8	1
167	12	18
167	19	10
167	29	10
167	30	15
167	34	1
167	35	20
167	38	2
167	39	11
167	42	1
167	43	20
167	45	5
167	49	9
167	55	6
167	57	2
167	63	5
167	75	14
167	84	15
167	87	12
167	91	10
167	93	19
167	107	5
167	108	4
167	111	9
167	114	3
167	121	4
167	130	18
167	131	17
167	134	16
167	140	1
167	148	19
167	154	11
167	155	2
167	157	6
167	163	13
167	166	38
167	168	14
167	176	18
167	178	12
167	180	17
167	194	4
167	196	7
167	198	18
168	9	16
168	14	1
168	22	6
168	23	9
168	26	5
168	28	17
168	29	7
168	38	18
168	39	8
168	42	18
168	50	8
168	64	11
168	65	6
168	69	17
168	70	15
168	71	4
168	75	4
168	76	10
168	79	8
168	81	20
168	83	17
168	86	18
168	89	5
168	94	6
168	95	7
168	107	17
168	126	12
168	130	9
168	131	6
168	137	11
168	141	10
168	145	17
168	147	6
168	157	20
168	159	10
168	167	1
168	169	1
168	170	1
168	173	18
168	178	8
168	181	19
168	182	10
168	184	20
168	186	4
168	188	16
168	193	1
168	195	18
168	198	3
169	1	18
169	2	8
169	3	1
169	4	12
169	6	8
169	16	13
169	19	3
169	24	6
169	26	15
169	30	4
169	31	10
169	35	19
169	38	13
169	40	8
169	46	12
169	50	18
169	53	12
169	59	2
169	64	12
169	68	8
169	74	15
169	76	8
169	77	1
169	88	5
169	89	5
169	101	6
169	103	6
169	104	19
169	105	19
169	106	3
169	107	4
169	111	17
169	113	13
169	123	19
169	124	10
169	125	19
169	130	5
169	134	9
169	138	14
169	141	8
169	143	2
169	145	8
169	150	14
169	152	3
169	153	19
169	166	1
169	168	36
169	170	24
169	172	16
169	174	5
169	182	16
169	188	15
169	191	6
169	198	8
169	199	13
170	6	9
170	15	5
170	17	1
170	18	20
170	23	9
170	24	8
170	25	6
170	32	16
170	34	20
170	36	4
170	37	8
170	43	15
170	44	13
170	48	18
170	51	11
170	54	4
170	61	1
170	70	2
170	74	3
170	75	4
170	76	2
170	77	13
170	80	19
170	82	18
170	84	15
170	85	11
170	89	19
170	99	15
170	100	7
170	104	9
170	105	10
170	114	7
170	116	20
170	121	4
170	124	17
170	126	1
170	127	6
170	129	12
170	135	9
170	137	14
170	155	7
170	156	20
170	158	9
170	159	5
170	162	12
170	167	15
170	168	6
170	169	14
170	171	2
170	174	1
170	180	14
170	182	4
170	184	4
170	191	12
170	195	19
170	197	8
170	200	12
171	3	7
171	4	12
171	5	18
171	12	19
171	14	9
171	24	12
171	39	3
171	42	11
171	47	16
171	48	20
171	58	18
171	60	19
171	63	11
171	73	3
171	83	8
171	90	14
171	96	6
171	102	16
171	108	11
171	111	13
171	113	11
171	123	9
171	125	20
171	126	5
171	129	15
171	130	8
171	131	20
171	135	7
171	138	13
171	140	9
171	144	7
171	149	18
171	152	6
171	154	15
171	155	20
171	156	1
171	157	11
171	169	7
171	170	17
171	172	20
171	178	13
171	181	6
171	182	3
171	185	10
171	192	12
171	193	9
171	195	9
171	200	14
172	16	19
172	22	4
172	28	16
172	30	20
172	32	10
172	35	15
172	38	8
172	59	12
172	60	6
172	63	6
172	79	4
172	83	2
172	89	15
172	91	1
172	92	18
172	94	4
172	110	12
172	112	18
172	120	11
172	121	8
172	123	8
172	126	10
172	127	11
172	128	13
172	129	18
172	131	14
172	141	4
172	143	4
172	144	11
172	146	13
172	157	6
172	160	6
172	164	18
172	171	20
172	173	1
172	177	18
172	182	9
172	184	3
172	188	1
172	189	16
172	190	15
172	191	14
172	192	10
172	200	2
173	8	13
173	12	17
173	14	9
173	15	19
173	24	2
173	36	8
173	38	1
173	40	13
173	41	14
173	42	12
173	43	12
173	52	3
173	53	8
173	55	14
173	58	13
173	61	4
173	66	16
173	68	6
173	69	6
173	71	12
173	72	19
173	73	6
173	77	10
173	78	8
173	84	14
173	86	8
173	91	5
173	94	9
173	96	17
173	100	13
173	110	18
173	112	6
173	120	13
173	130	16
173	131	18
173	132	20
173	133	4
173	138	13
173	141	6
173	147	17
173	148	7
173	153	3
173	158	14
173	163	15
173	167	8
173	168	6
173	169	12
173	172	2
173	174	13
173	175	18
173	176	1
173	177	12
173	178	19
173	180	19
173	182	9
173	188	12
173	192	18
173	196	6
173	197	4
174	2	10
174	11	13
174	16	13
174	18	19
174	23	17
174	29	13
174	32	4
174	46	17
174	47	1
174	48	3
174	57	4
174	58	2
174	63	6
174	64	10
174	67	14
174	70	8
174	72	4
174	75	16
174	80	4
174	82	6
174	83	13
174	86	11
174	95	19
174	101	1
174	103	2
174	107	13
174	112	15
174	120	14
174	128	4
174	132	6
174	133	3
174	135	10
174	136	12
174	139	7
174	144	16
174	153	7
174	154	11
174	155	15
174	166	19
174	169	12
174	170	4
174	173	10
174	175	16
174	179	13
174	185	16
174	186	16
174	187	10
174	190	2
174	193	3
174	194	1
174	196	8
175	1	11
175	4	9
175	13	11
175	15	13
175	21	6
175	24	18
175	25	17
175	30	1
175	34	14
175	35	11
175	36	14
175	37	3
175	42	1
175	45	14
175	52	7
175	54	15
175	59	4
175	64	3
175	65	11
175	70	12
175	71	14
175	77	20
175	86	11
175	89	11
175	92	13
175	95	10
175	98	15
175	102	12
175	103	1
175	105	2
175	106	10
175	114	1
175	117	12
175	126	2
175	132	16
175	133	14
175	148	12
175	151	6
175	163	9
175	165	6
175	167	20
175	168	17
175	174	36
175	176	16
175	183	8
175	185	19
175	186	18
175	188	2
175	190	10
175	199	7
176	1	11
176	2	14
176	4	14
176	10	4
176	16	20
176	19	5
176	21	4
176	24	14
176	25	6
176	29	14
176	30	4
176	37	19
176	38	4
176	40	1
176	42	2
176	52	10
176	55	6
176	56	17
176	57	7
176	59	8
176	61	2
176	70	19
176	81	16
176	90	8
176	95	3
176	100	14
176	101	17
176	103	20
176	105	15
176	108	14
176	111	6
176	118	10
176	119	17
176	125	15
176	126	5
176	130	18
176	135	4
176	155	6
176	156	15
176	166	17
176	168	6
176	169	16
176	170	14
176	175	16
176	177	14
176	182	10
176	184	12
176	189	8
176	193	9
176	194	7
176	197	9
176	200	15
177	3	9
177	4	6
177	11	4
177	16	4
177	21	2
177	23	14
177	24	7
177	27	7
177	30	19
177	35	2
177	36	16
177	37	17
177	42	11
177	48	15
177	50	6
177	53	1
177	54	12
177	55	13
177	63	18
177	64	19
177	70	3
177	71	1
177	72	10
177	84	1
177	86	4
177	91	1
177	92	18
177	93	6
177	94	4
177	99	1
177	102	14
177	105	6
177	106	20
177	107	2
177	113	15
177	115	7
177	120	20
177	126	10
177	127	3
177	131	8
177	132	14
177	138	8
177	139	2
177	146	4
177	147	7
177	149	19
177	154	11
177	173	2
177	174	19
177	176	2
177	178	4
177	180	8
177	182	7
177	184	5
177	197	5
177	199	16
178	2	2
178	7	4
178	13	3
178	14	9
178	17	13
178	20	17
178	22	3
178	27	20
178	33	19
178	39	11
178	40	2
178	49	4
178	52	6
178	54	1
178	60	19
178	64	9
178	66	13
178	81	12
178	82	4
178	83	17
178	84	11
178	89	15
178	93	9
178	94	8
178	95	17
178	104	19
178	110	13
178	116	15
178	117	2
178	119	6
178	122	8
178	127	13
178	132	12
178	133	18
178	135	12
178	137	16
178	148	3
178	156	11
178	168	8
178	169	4
178	173	2
178	174	18
178	177	18
178	179	11
178	188	15
178	195	17
178	199	8
179	10	11
179	12	12
179	19	14
179	21	4
179	27	7
179	28	1
179	30	13
179	41	7
179	42	6
179	45	17
179	46	8
179	48	13
179	51	20
179	56	17
179	66	15
179	68	5
179	72	2
179	77	17
179	82	10
179	84	15
179	86	3
179	88	2
179	94	18
179	96	9
179	98	12
179	104	11
179	111	9
179	115	12
179	117	18
179	123	3
179	126	5
179	133	18
179	140	12
179	141	3
179	147	20
179	149	19
179	158	20
179	159	8
179	161	16
179	162	5
179	163	12
179	167	4
179	168	1
179	178	19
179	180	16
179	187	1
179	194	13
179	197	18
180	18	20
180	22	8
180	32	3
180	46	20
180	51	6
180	55	18
180	56	17
180	58	19
180	66	9
180	72	6
180	80	15
180	85	19
180	89	20
180	91	10
180	94	1
180	95	6
180	98	10
180	119	18
180	120	10
180	126	11
180	131	16
180	133	7
180	134	8
180	146	3
180	151	10
180	153	4
180	158	16
180	165	8
180	170	12
180	171	13
180	178	4
180	179	4
180	181	20
180	182	13
180	184	18
180	187	2
180	188	7
180	191	6
180	196	2
181	5	7
181	8	20
181	24	16
181	28	11
181	29	19
181	30	13
181	33	8
181	37	17
181	45	7
181	49	6
181	54	13
181	55	12
181	61	12
181	62	20
181	67	8
181	68	14
181	76	6
181	78	4
181	86	4
181	90	16
181	92	6
181	94	1
181	95	11
181	102	3
181	104	13
181	112	3
181	119	11
181	136	2
181	141	15
181	142	3
181	152	1
181	155	2
181	167	8
181	172	8
181	179	12
181	180	34
181	182	20
181	183	14
181	193	16
182	1	7
182	6	14
182	8	9
182	9	15
182	14	9
182	16	5
182	17	2
182	18	1
182	29	19
182	30	3
182	33	14
182	34	5
182	37	2
182	39	4
182	41	13
182	44	4
182	49	17
182	56	7
182	57	8
182	59	17
182	62	4
182	66	20
182	74	13
182	79	17
182	80	20
182	81	5
182	84	9
182	93	12
182	95	10
182	97	14
182	101	18
182	105	19
182	106	3
182	107	19
182	109	9
182	110	3
182	111	9
182	112	19
182	113	5
182	116	16
182	126	11
182	132	4
182	136	1
182	146	3
182	154	15
182	164	18
182	171	16
182	176	16
182	181	30
182	183	10
182	184	4
182	186	2
182	190	18
182	193	5
182	196	14
182	198	8
182	200	14
183	3	2
183	9	14
183	11	2
183	13	19
183	26	2
183	28	13
183	30	9
183	37	10
183	46	12
183	56	15
183	58	1
183	59	1
183	62	4
183	63	4
183	64	15
183	66	20
183	68	16
183	71	13
183	72	8
183	77	15
183	78	17
183	81	3
183	85	3
183	87	17
183	89	11
183	93	6
183	98	8
183	99	3
183	107	19
183	112	13
183	116	17
183	119	5
183	124	4
183	126	3
183	129	5
183	134	8
183	136	6
183	140	1
183	143	4
183	147	17
183	157	5
183	159	10
183	166	7
183	167	9
183	168	2
183	171	19
183	173	13
183	177	18
183	178	7
183	180	14
183	181	7
183	182	7
183	184	20
183	186	11
183	189	5
183	193	13
183	196	12
184	2	7
184	4	18
184	7	13
184	11	4
184	12	20
184	17	10
184	21	14
184	27	19
184	45	4
184	47	15
184	56	19
184	57	4
184	58	11
184	62	14
184	64	14
184	70	12
184	76	7
184	80	3
184	83	3
184	87	14
184	96	17
184	102	5
184	114	18
184	115	10
184	116	20
184	118	1
184	124	15
184	132	16
184	147	4
184	159	7
184	171	10
184	172	2
184	174	1
184	179	14
184	181	20
184	183	11
184	185	20
184	187	3
185	10	3
185	11	19
185	14	13
185	15	6
185	19	13
185	23	13
185	25	13
185	28	11
185	30	18
185	33	19
185	34	13
185	41	12
185	44	8
185	45	10
185	47	8
185	56	20
185	68	3
185	71	17
185	75	10
185	76	11
185	77	20
185	78	14
185	84	17
185	85	19
185	89	10
185	92	12
185	93	4
185	94	14
185	96	20
185	99	7
185	105	10
185	112	4
185	113	9
185	117	1
185	118	3
185	124	7
185	126	11
185	129	8
185	130	6
185	133	17
185	134	14
185	138	15
185	141	9
185	142	12
185	146	12
185	147	15
185	148	5
185	149	15
185	152	12
185	153	7
185	157	4
185	164	13
185	170	11
185	174	15
185	177	18
185	184	8
185	186	17
185	190	4
185	193	14
185	199	20
185	200	12
186	1	11
186	6	7
186	7	18
186	12	19
186	13	2
186	14	14
186	27	8
186	28	10
186	36	2
186	43	12
186	46	12
186	47	17
186	48	13
186	52	3
186	54	15
186	56	8
186	58	12
186	61	15
186	72	10
186	76	18
186	80	3
186	81	3
186	83	10
186	86	13
186	87	12
186	94	18
186	98	19
186	105	11
186	133	16
186	138	3
186	139	15
186	148	10
186	159	11
186	163	7
186	165	10
186	166	12
186	167	19
186	169	17
186	173	14
186	175	9
186	177	14
186	179	8
186	182	5
186	184	7
186	185	20
186	187	4
186	190	19
186	191	17
186	194	15
186	197	11
186	199	19
187	6	6
187	8	15
187	18	1
187	21	20
187	22	11
187	28	8
187	32	15
187	35	11
187	37	15
187	45	1
187	54	13
187	56	2
187	58	16
187	66	5
187	70	11
187	76	5
187	78	8
187	89	17
187	90	8
187	91	1
187	92	10
187	96	9
187	106	2
187	110	10
187	112	12
187	115	9
187	116	7
187	120	2
187	123	5
187	126	11
187	127	11
187	130	11
187	131	14
187	138	20
187	144	5
187	145	10
187	147	16
187	152	6
187	159	17
187	161	10
187	169	6
187	172	5
187	173	20
187	176	16
187	183	14
187	186	2
187	188	18
187	198	7
187	199	2
187	200	12
188	6	15
188	7	10
188	14	5
188	17	3
188	20	16
188	25	8
188	29	11
188	35	1
188	41	5
188	43	10
188	46	8
188	48	19
188	50	1
188	68	19
188	70	11
188	71	2
188	72	18
188	74	8
188	75	11
188	78	19
188	86	18
188	105	5
188	107	15
188	113	20
188	114	3
188	116	14
188	117	4
188	120	13
188	121	9
188	126	9
188	130	17
188	135	14
188	141	4
188	145	16
188	150	10
188	154	4
188	155	2
188	157	1
188	162	3
188	165	1
188	166	9
188	170	2
188	172	18
188	175	18
188	176	14
188	178	10
188	180	7
188	181	18
188	183	8
188	185	7
188	187	8
188	189	7
188	191	8
188	192	9
188	198	13
188	199	12
189	10	10
189	14	12
189	18	3
189	19	4
189	20	6
189	21	15
189	24	16
189	30	7
189	33	20
189	35	4
189	37	17
189	45	11
189	47	11
189	59	7
189	67	19
189	69	19
189	71	8
189	76	9
189	77	18
189	78	14
189	81	8
189	89	13
189	90	9
189	91	17
189	94	12
189	95	12
189	96	15
189	100	3
189	103	2
189	108	18
189	111	1
189	114	20
189	115	16
189	116	20
189	117	9
189	118	5
189	122	7
189	123	20
189	124	5
189	125	20
189	133	9
189	135	5
189	138	7
189	141	4
189	144	2
189	149	16
189	153	7
189	154	5
189	157	13
189	167	13
189	168	6
189	183	19
189	184	6
189	185	10
189	188	28
189	190	8
189	196	16
190	2	3
190	3	13
190	4	20
190	6	10
190	12	11
190	13	2
190	14	8
190	17	2
190	19	3
190	20	15
190	21	7
190	22	7
190	28	10
190	33	6
190	36	15
190	45	15
190	69	4
190	72	4
190	74	17
190	84	11
190	95	6
190	100	4
190	108	18
190	109	8
190	132	11
190	139	10
190	142	12
190	156	10
190	161	9
190	169	7
190	171	11
190	172	15
190	174	9
190	183	19
190	186	13
190	189	10
190	191	16
190	194	20
190	195	13
190	196	2
190	199	6
191	10	8
191	11	9
191	18	14
191	26	5
191	34	17
191	45	10
191	51	7
191	52	19
191	56	17
191	64	19
191	68	19
191	75	20
191	83	7
191	84	2
191	86	13
191	89	9
191	91	6
191	94	18
191	98	13
191	102	3
191	103	14
191	107	18
191	109	17
191	110	13
191	111	12
191	112	15
191	114	5
191	117	15
191	119	14
191	124	8
191	127	18
191	131	8
191	134	16
191	140	2
191	146	10
191	147	15
191	158	5
191	159	3
191	163	9
191	165	17
191	173	8
191	174	8
191	176	7
191	181	9
191	185	5
191	189	14
191	190	5
191	192	9
191	193	4
191	197	14
191	199	16
192	5	19
192	7	9
192	12	4
192	13	6
192	16	20
192	21	9
192	22	15
192	26	3
192	29	18
192	30	8
192	34	15
192	36	10
192	39	1
192	41	20
192	42	3
192	43	16
192	60	4
192	62	5
192	68	14
192	71	9
192	72	12
192	84	14
192	92	12
192	94	12
192	95	1
192	99	16
192	101	8
192	102	18
192	105	20
192	106	7
192	114	3
192	121	4
192	129	16
192	143	18
192	149	9
192	153	6
192	157	4
192	162	14
192	168	17
192	174	11
192	177	4
192	188	13
192	190	9
192	191	16
192	193	14
193	1	1
193	4	8
193	6	15
193	7	16
193	8	15
193	9	13
193	16	19
193	18	18
193	20	20
193	37	14
193	42	1
193	44	13
193	45	5
193	47	2
193	48	1
193	50	11
193	53	20
193	56	5
193	57	10
193	58	1
193	60	10
193	70	2
193	71	6
193	74	10
193	80	6
193	82	12
193	83	20
193	92	15
193	95	8
193	98	12
193	104	2
193	108	2
193	114	4
193	117	6
193	121	8
193	124	1
193	125	1
193	134	12
193	138	3
193	145	19
193	149	18
193	154	14
193	164	15
193	176	12
193	178	12
193	186	18
193	190	2
193	192	1
193	194	11
193	196	12
193	197	10
193	199	1
194	1	19
194	6	3
194	8	8
194	12	2
194	14	9
194	17	8
194	30	10
194	34	7
194	38	5
194	39	16
194	42	9
194	48	17
194	52	2
194	53	12
194	60	6
194	67	20
194	71	10
194	76	20
194	77	16
194	86	16
194	88	17
194	89	9
194	90	5
194	91	18
194	95	15
194	97	8
194	98	19
194	101	9
194	104	4
194	106	14
194	108	10
194	110	15
194	112	3
194	119	2
194	120	3
194	122	8
194	125	7
194	135	20
194	136	13
194	138	6
194	148	2
194	153	19
194	154	17
194	156	2
194	157	9
194	168	8
194	171	18
194	172	17
194	178	17
194	180	8
194	182	18
194	183	14
194	184	1
194	188	17
194	189	17
194	193	16
194	195	15
195	2	9
195	3	13
195	7	19
195	9	2
195	13	9
195	16	14
195	17	17
195	23	10
195	24	3
195	25	4
195	29	2
195	33	5
195	37	14
195	39	14
195	43	10
195	52	12
195	54	20
195	62	5
195	63	20
195	65	11
195	66	2
195	80	4
195	88	15
195	91	8
195	92	2
195	93	17
195	94	13
195	112	8
195	118	18
195	120	17
195	123	12
195	129	12
195	130	10
195	132	17
195	146	12
195	151	15
195	162	10
195	174	19
195	175	10
195	184	15
195	186	4
195	187	5
195	188	9
195	194	13
195	196	11
196	6	16
196	8	18
196	15	10
196	16	2
196	19	15
196	20	1
196	23	3
196	25	7
196	33	10
196	39	7
196	43	6
196	44	15
196	45	9
196	46	2
196	48	2
196	50	10
196	60	7
196	63	6
196	64	18
196	67	16
196	69	18
196	77	16
196	79	11
196	82	12
196	96	12
196	100	2
196	105	20
196	109	1
196	113	3
196	114	4
196	118	11
196	119	10
196	120	19
196	125	4
196	130	9
196	132	2
196	133	5
196	138	5
196	165	14
196	173	17
196	182	10
196	185	9
196	187	11
196	193	19
196	195	3
196	197	3
196	198	16
196	199	1
196	200	14
197	16	9
197	21	14
197	24	4
197	26	7
197	28	13
197	29	18
197	36	12
197	39	4
197	42	16
197	63	8
197	64	16
197	65	19
197	83	11
197	85	5
197	92	1
197	94	17
197	97	12
197	99	18
197	104	17
197	106	17
197	112	5
197	116	12
197	117	7
197	121	19
197	126	13
197	137	17
197	144	19
197	147	1
197	160	20
197	161	8
197	163	7
197	169	19
197	171	9
197	174	16
197	189	14
197	191	7
197	192	3
197	196	12
197	198	7
198	2	12
198	12	19
198	19	14
198	20	2
198	28	7
198	36	1
198	38	20
198	44	1
198	50	1
198	52	1
198	53	2
198	60	2
198	62	9
198	72	2
198	73	3
198	74	17
198	76	11
198	79	1
198	88	12
198	89	5
198	91	3
198	97	5
198	98	17
198	102	6
198	117	18
198	118	2
198	131	18
198	133	4
198	144	15
198	153	7
198	154	5
198	157	18
198	161	5
198	165	17
198	166	2
198	168	2
198	169	15
198	171	18
198	175	4
198	183	5
198	189	14
198	192	9
198	193	1
198	197	34
198	199	38
199	4	13
199	6	5
199	8	10
199	23	10
199	26	12
199	27	16
199	30	17
199	32	10
199	34	17
199	35	16
199	36	20
199	39	8
199	40	5
199	41	15
199	42	15
199	44	4
199	45	13
199	49	12
199	52	6
199	57	17
199	59	17
199	63	15
199	64	10
199	69	19
199	73	19
199	78	4
199	79	19
199	85	18
199	93	2
199	94	19
199	99	18
199	101	13
199	102	17
199	105	5
199	108	16
199	111	20
199	119	17
199	120	14
199	124	10
199	126	14
199	133	13
199	149	9
199	150	14
199	153	15
199	154	12
199	155	18
199	160	5
199	171	13
199	175	17
199	179	6
199	180	5
199	181	14
199	182	19
199	183	13
199	184	12
199	186	4
199	190	10
199	198	36
199	200	1
200	1	2
200	2	19
200	4	3
200	6	9
200	9	5
200	11	3
200	15	4
200	19	11
200	21	5
200	23	10
200	24	9
200	27	10
200	28	10
200	33	1
200	35	18
200	48	11
200	54	14
200	57	1
200	63	5
200	67	15
200	72	15
200	82	6
200	84	10
200	87	14
200	88	2
200	93	18
200	99	12
200	101	7
200	102	9
200	110	9
200	111	6
200	118	8
200	124	1
200	126	18
200	129	11
200	132	10
200	133	17
200	138	12
200	139	13
200	143	5
200	146	8
200	147	10
200	148	14
200	149	17
200	150	3
200	155	5
200	163	18
200	169	15
200	170	17
200	171	9
200	172	4
200	180	15
200	181	13
200	188	14
200	196	17
200	197	11
200	198	16
200	199	1
