1	2	13
1	7	9
1	8	4
1	9	6
1	16	18
1	20	8
1	22	1
1	24	16
1	27	19
1	31	1
1	32	15
1	35	2
1	36	15
1	37	12
1	40	2
2	1	2
2	3	3
2	7	3
2	8	15
2	9	10
2	11	18
2	12	8
2	21	5
2	24	19
2	25	2
2	29	8
2	34	7
2	37	9
3	1	18
3	2	19
3	4	2
3	6	2
3	12	13
3	13	12
3	15	4
3	23	7
3	32	20
3	33	10
3	34	2
3	35	8
4	3	20
4	5	2
4	9	3
4	15	2
4	18	15
4	20	7
4	21	14
4	24	14
4	26	14
4	27	2
4	30	14
4	39	17
5	4	5
5	6	16
5	8	6
5	10	3
5	18	14
5	19	2
5	20	1
5	22	6
5	26	13
5	28	20
5	31	18
5	33	9
6	2	10
6	5	18
6	7	7
6	8	1
6	9	9
6	10	12
6	14	18
6	25	6
6	32	19
6	33	4
6	35	4
7	6	8
7	8	7
7	11	16
7	12	9
7	15	8
7	16	5
7	24	17
7	25	18
7	28	3
7	32	3
7	34	8
8	1	16
8	2	20
8	4	4
8	7	5
8	9	13
8	10	18
8	12	4
8	13	18
8	16	5
8	18	12
8	19	4
8	20	17
8	22	15
8	26	5
8	29	8
8	32	6
8	37	3
8	38	20
8	40	19
9	1	18
9	2	2
9	3	19
9	6	16
9	8	5
9	10	38
9	12	6
9	16	16
9	20	7
9	33	20
9	39	10
10	4	20
10	7	19
10	9	17
10	11	12
10	16	20
10	21	12
10	25	12
10	28	9
10	29	3
10	32	9
10	33	7
10	40	14
11	1	15
11	2	17
11	3	5
11	4	1
11	5	12
11	10	13
11	12	16
11	21	3
11	25	18
11	29	13
11	30	12
11	32	20
11	34	11
11	37	9
11	39	15
12	3	9
12	10	9
12	11	17
12	13	13
12	16	18
12	20	8
12	22	15
12	23	16
12	25	20
12	35	15
12	36	19
13	3	20
13	7	4
13	9	20
13	10	16
13	12	9
13	14	9
13	20	1
13	22	16
13	24	10
13	27	5
13	30	7
13	32	1
13	38	7
14	1	11
14	9	16
14	12	18
14	13	15
14	15	15
14	18	8
14	26	17
15	6	6
15	9	13
15	14	4
15	16	20
15	21	18
15	32	14
15	40	9
16	2	10
16	4	9
16	7	3
16	9	8
16	13	12
16	14	12
16	15	11
16	17	10
16	19	10
16	23	3
16	31	9
16	33	7
16	34	9
16	35	7
16	39	1
17	5	15
17	6	14
17	7	10
17	8	20
17	16	2
17	18	16
17	19	20
17	24	9
17	25	10
17	38	4
18	1	17
18	3	13
18	13	4
18	17	2
18	19	14
18	22	6
18	23	16
18	29	10
18	33	8
18	40	5
19	2	14
19	6	13
19	8	18
19	13	9
19	17	9
19	18	12
19	20	17
19	21	15
19	24	19
19	26	20
19	29	1
19	30	16
20	3	2
20	4	16
20	5	18
20	6	15
20	9	12
20	11	7
20	14	10
20	19	5
20	21	1
20	25	11
20	29	10
20	31	16
20	32	14
20	34	17
20	38	2
21	1	1
21	6	14
21	8	8
21	12	8
21	16	17
21	19	4
21	20	13
21	22	8
22	1	18
22	5	3
22	6	9
22	9	3
22	11	5
22	12	11
22	14	5
22	18	15
22	21	13
22	23	12
22	25	5
22	27	12
22	36	1
22	38	14
23	3	19
23	8	20
23	9	1
23	10	4
23	11	14
23	13	8
23	18	2
23	22	16
23	24	5
23	30	6
23	31	11
23	32	5
24	4	10
24	7	11
24	14	6
24	21	17
24	23	11
24	25	36
24	26	19
24	27	8
24	28	8
24	29	13
24	32	7
25	8	13
25	14	13
25	16	18
25	18	6
25	23	4
25	24	28
25	26	19
25	28	13
25	39	19
25	40	12
26	1	7
26	3	19
26	8	13
26	10	20
26	12	15
26	21	12
26	25	5
26	27	17
26	28	14
26	30	5
26	39	7
27	1	1
27	4	7
27	9	4
27	11	17
27	16	20
27	20	16
27	22	5
27	23	6
27	26	16
27	28	18
27	33	6
27	36	15
28	1	16
28	6	11
28	9	16
28	11	5
28	13	13
28	22	1
28	27	36
28	29	18
28	33	18
28	34	11
28	36	7
28	38	5
29	1	3
29	3	6
29	4	7
29	6	20
29	8	20
29	13	3
29	27	10
29	28	32
29	30	28
29	37	14
30	2	1
30	3	13
30	13	13
30	16	13
30	18	2
30	19	4
30	21	17
30	22	17
30	23	15
30	29	15
30	31	10
30	33	6
30	34	15
30	36	10
30	40	9
31	1	13
31	2	1
31	3	5
31	5	6
31	10	12
31	13	3
31	17	2
31	18	15
31	27	4
31	29	13
31	30	6
31	32	20
31	34	19
31	36	4
31	37	17
31	38	19
31	39	12
32	3	15
32	4	16
32	5	5
32	12	5
32	14	19
32	15	15
32	19	5
32	24	9
32	27	11
32	29	20
32	30	4
32	31	18
32	33	10
33	4	16
33	11	13
33	13	19
33	32	11
33	34	13
33	36	15
33	37	12
33	38	17
33	39	13
33	40	14
34	7	12
34	12	20
34	13	7
34	16	3
34	17	20
34	18	17
34	23	12
34	27	1
34	30	20
34	31	5
34	33	13
34	35	6
35	5	7
35	16	1
35	19	3
35	22	10
35	27	20
35	34	40
35	36	18
35	37	1
36	1	3
36	2	9
36	3	19
36	4	1
36	6	3
36	11	14
36	15	18
36	18	20
36	34	8
36	35	28
36	37	20
37	2	7
37	8	11
37	9	11
37	12	7
37	16	11
37	20	17
37	22	4
37	24	17
37	25	10
37	31	18
37	36	36
37	38	16
37	39	1
38	3	5
38	7	19
38	9	17
38	14	17
38	16	6
38	18	20
38	22	1
38	37	40
38	39	4
39	3	14
39	4	13
39	7	4
39	8	11
39	12	16
39	18	7
39	21	8
39	23	13
39	24	3
39	38	9
39	40	14
40	9	16
40	10	2
40	12	12
40	14	8
40	18	10
40	19	13
40	20	2
40	28	8
40	31	6
40	36	2
40	37	20
40	39	18
