1	2	8
1	7	8
1	8	9
1	17	7
1	26	13
1	36	10
1	38	19
1	39	12
1	40	6
1	41	1
1	47	16
1	52	14
1	53	6
1	59	4
1	66	15
1	72	20
1	73	16
1	78	14
1	86	20
1	90	18
1	91	1
1	94	7
1	95	15
1	97	15
1	100	2
1	105	17
1	118	1
1	120	11
1	123	11
1	131	19
1	133	13
1	136	5
1	137	6
1	142	3
1	145	6
1	146	10
1	149	7
1	152	20
1	155	5
1	159	20
1	161	3
1	164	1
1	166	12
1	170	12
1	178	8
1	181	5
1	184	19
1	187	19
1	197	3
1	199	13
2	1	4
2	3	10
2	4	8
2	6	9
2	7	11
2	13	11
2	21	1
2	27	3
2	28	12
2	29	13
2	34	1
2	36	1
2	37	7
2	41	14
2	43	16
2	49	2
2	54	11
2	56	4
2	60	17
2	62	16
2	63	10
2	69	8
2	73	15
2	75	19
2	76	8
2	77	9
2	79	9
2	83	20
2	84	19
2	85	13
2	95	18
2	96	5
2	97	13
2	98	6
2	99	5
2	101	9
2	103	20
2	117	20
2	119	7
2	130	5
2	133	7
2	143	4
2	147	10
2	161	10
2	162	12
2	166	10
2	169	2
2	173	15
2	174	13
2	184	15
2	195	8
3	2	8
3	4	17
3	6	14
3	8	2
3	13	11
3	14	9
3	19	15
3	21	18
3	23	3
3	27	5
3	29	14
3	31	13
3	33	15
3	34	12
3	37	2
3	45	15
3	55	6
3	58	9
3	59	18
3	75	15
3	80	8
3	81	12
3	82	9
3	89	5
3	95	7
3	99	4
3	101	10
3	103	19
3	108	15
3	123	2
3	132	16
3	134	15
3	136	12
3	140	17
3	147	4
3	151	3
3	153	8
3	155	18
3	157	14
3	160	4
3	163	18
3	166	9
3	170	9
3	174	2
3	177	5
3	180	6
3	181	8
3	183	4
3	185	8
3	187	15
3	191	17
3	192	15
3	194	3
3	198	12
3	200	3
4	3	6
4	5	11
4	9	19
4	10	19
4	17	6
4	20	7
4	26	4
4	29	1
4	34	9
4	48	20
4	50	19
4	51	9
4	52	8
4	57	6
4	58	11
4	61	15
4	62	3
4	67	5
4	68	6
4	69	2
4	72	6
4	73	15
4	74	15
4	76	3
4	82	18
4	84	18
4	95	17
4	99	3
4	100	5
4	103	6
4	105	14
4	109	2
4	111	13
4	114	7
4	116	9
4	117	13
4	120	10
4	123	12
4	127	12
4	130	15
4	134	18
4	142	9
4	144	18
4	146	16
4	148	4
4	149	3
4	158	2
4	159	1
4	160	12
4	163	20
4	165	10
4	166	1
4	167	6
4	174	6
4	176	9
4	183	19
4	185	13
4	186	11
4	192	15
4	194	15
4	197	11
5	4	13
5	6	26
5	11	7
5	16	12
5	19	19
5	24	15
5	33	16
5	36	1
5	39	20
5	45	3
5	48	15
5	55	13
5	57	5
5	59	13
5	66	20
5	67	8
5	73	3
5	76	19
5	77	17
5	88	6
5	90	16
5	97	19
5	101	9
5	104	14
5	111	17
5	116	14
5	118	18
5	120	10
5	128	2
5	142	20
5	143	5
5	147	7
5	148	11
5	150	9
5	166	5
5	168	9
5	169	10
5	172	15
5	173	9
5	175	18
5	177	13
5	178	19
5	185	2
5	186	8
5	196	2
5	197	9
5	198	19
6	5	34
6	7	7
6	8	17
6	10	7
6	11	14
6	13	9
6	17	16
6	20	7
6	25	13
6	29	10
6	30	9
6	36	6
6	38	18
6	45	5
6	47	14
6	48	9
6	52	19
6	53	1
6	57	3
6	63	14
6	65	11
6	66	17
6	67	6
6	69	18
6	73	13
6	76	8
6	82	12
6	84	5
6	97	2
6	98	14
6	108	19
6	110	6
6	111	6
6	113	11
6	127	10
6	132	8
6	137	3
6	140	13
6	141	15
6	144	3
6	153	20
6	158	4
6	159	20
6	164	12
6	165	1
6	167	8
6	172	4
6	176	4
6	177	8
6	180	17
6	185	18
6	187	15
6	196	19
7	6	19
7	8	18
7	9	11
7	11	13
7	15	13
7	17	3
7	19	2
7	25	2
7	44	7
7	45	13
7	48	1
7	51	3
7	62	10
7	66	13
7	67	6
7	80	19
7	82	8
7	86	1
7	88	5
7	90	18
7	95	12
7	100	12
7	101	14
7	102	5
7	107	7
7	111	11
7	114	15
7	115	4
7	119	15
7	123	8
7	127	12
7	129	6
7	134	19
7	135	14
7	139	9
7	141	1
7	142	17
7	143	2
7	150	10
7	153	17
7	160	9
7	163	6
7	166	13
7	169	1
7	170	6
7	173	1
7	176	11
7	178	16
7	183	15
7	185	7
7	187	6
7	189	13
7	192	10
7	193	4
7	197	19
7	198	11
8	6	10
8	7	16
8	9	20
8	14	3
8	17	2
8	23	9
8	24	5
8	26	17
8	27	15
8	28	20
8	29	8
8	32	9
8	50	12
8	52	5
8	60	19
8	63	4
8	65	18
8	72	18
8	74	16
8	76	2
8	80	13
8	82	7
8	86	15
8	96	10
8	97	18
8	99	16
8	102	5
8	108	1
8	109	6
8	118	19
8	121	9
8	123	17
8	124	16
8	128	12
8	129	8
8	133	4
8	135	13
8	137	12
8	138	15
8	139	6
8	154	3
8	162	5
8	163	5
8	165	9
8	166	14
8	169	8
8	174	3
8	179	20
8	185	13
8	188	1
8	189	8
8	192	13
8	198	3
9	6	8
9	8	3
9	10	10
9	14	1
9	23	9
9	24	11
9	32	7
9	35	7
9	36	5
9	41	12
9	46	16
9	47	10
9	48	19
9	50	16
9	55	7
9	56	1
9	60	19
9	62	15
9	63	1
9	65	13
9	73	4
9	75	8
9	79	15
9	88	17
9	93	6
9	100	7
9	104	2
9	110	6
9	114	5
9	117	7
9	124	4
9	131	11
9	139	7
9	147	15
9	148	2
9	150	15
9	152	4
9	170	9
9	175	5
9	177	8
9	178	7
9	184	18
9	185	2
9	188	3
9	196	15
10	2	7
10	3	4
10	9	20
10	11	20
10	13	19
10	14	3
10	15	9
10	17	3
10	18	9
10	19	7
10	24	14
10	32	20
10	33	15
10	35	18
10	39	6
10	43	10
10	44	7
10	51	8
10	53	4
10	59	14
10	61	16
10	66	1
10	70	17
10	73	19
10	84	9
10	86	10
10	92	18
10	94	8
10	106	5
10	109	15
10	111	18
10	112	11
10	113	12
10	114	9
10	115	16
10	122	12
10	126	4
10	133	20
10	138	16
10	139	10
10	140	3
10	141	4
10	144	8
10	145	19
10	149	2
10	159	4
10	161	17
10	162	14
10	166	3
10	170	13
10	175	2
10	178	6
10	179	19
10	182	5
10	187	15
10	190	17
10	191	16
10	197	17
10	198	5
11	5	12
11	6	6
11	9	9
11	10	11
11	12	12
11	13	1
11	15	4
11	19	14
11	23	9
11	38	20
11	48	15
11	55	16
11	59	15
11	60	20
11	61	10
11	66	12
11	68	4
11	71	18
11	75	3
11	76	9
11	80	16
11	87	11
11	90	13
11	107	16
11	110	5
11	111	18
11	114	11
11	115	2
11	123	6
11	130	4
11	133	12
11	135	8
11	136	9
11	143	3
11	150	3
11	158	2
11	165	6
11	167	3
11	168	18
11	177	20
11	178	7
11	180	20
11	189	4
11	190	4
11	193	13
11	194	6
11	199	17
12	1	4
12	11	32
12	13	1
12	18	3
12	25	6
12	29	2
12	32	15
12	34	18
12	38	13
12	41	7
12	42	5
12	43	4
12	46	9
12	47	1
12	48	8
12	52	19
12	60	20
12	65	15
12	67	13
12	70	13
12	71	3
12	75	14
12	80	16
12	90	7
12	96	5
12	101	20
12	106	5
12	107	14
12	109	3
12	110	5
12	121	20
12	122	16
12	141	17
12	147	7
12	150	13
12	153	16
12	154	20
12	156	2
12	157	10
12	158	18
12	163	3
12	164	9
12	169	14
12	172	5
12	175	1
12	186	20
12	187	18
12	192	5
12	195	11
12	198	2
13	5	10
13	8	15
13	12	8
13	14	1
13	16	7
13	17	17
13	23	10
13	26	17
13	32	11
13	35	5
13	39	7
13	42	6
13	45	12
13	49	3
13	52	14
13	55	1
13	65	7
13	68	15
13	89	18
13	92	7
13	99	2
13	103	3
13	104	4
13	109	2
13	111	12
13	112	17
13	118	13
13	122	9
13	130	5
13	134	1
13	140	7
13	145	9
13	146	20
13	147	20
13	150	17
13	158	4
13	159	5
13	160	14
13	162	14
13	163	19
13	168	6
13	170	8
13	174	11
13	180	20
13	182	12
13	184	7
13	187	19
13	193	8
14	2	6
14	3	13
14	5	9
14	9	11
14	13	15
14	15	9
14	28	8
14	31	3
14	37	19
14	38	5
14	39	5
14	45	11
14	48	7
14	53	18
14	60	12
14	66	14
14	71	9
14	72	2
14	80	5
14	82	18
14	87	8
14	93	7
14	94	4
14	95	12
14	100	20
14	112	19
14	114	19
14	125	15
14	127	6
14	128	13
14	140	5
14	143	6
14	148	16
14	150	6
14	154	2
14	155	8
14	156	11
14	157	4
14	158	12
14	177	3
14	181	20
14	183	6
14	185	19
14	191	6
14	193	5
14	195	8
14	197	12
14	198	14
15	7	18
15	12	14
15	14	16
15	16	13
15	29	16
15	34	15
15	41	5
15	48	10
15	49	1
15	53	18
15	55	13
15	62	11
15	64	20
15	66	19
15	67	20
15	68	4
15	77	9
15	78	2
15	80	18
15	82	1
15	86	20
15	88	18
15	89	15
15	91	20
15	92	11
15	93	11
15	96	11
15	103	3
15	104	5
15	109	14
15	110	14
15	119	13
15	120	17
15	131	5
15	133	15
15	135	6
15	138	20
15	147	20
15	148	12
15	151	1
15	152	13
15	159	18
15	160	4
15	161	16
15	168	2
15	172	17
15	174	15
15	177	8
15	179	18
15	181	1
15	183	11
15	187	1
15	190	5
15	192	16
15	195	3
15	196	20
15	197	6
15	200	16
16	1	12
16	6	12
16	7	1
16	8	8
16	15	12
16	17	8
16	21	14
16	23	7
16	34	14
16	35	11
16	37	5
16	38	16
16	44	1
16	47	3
16	49	20
16	51	12
16	64	20
16	65	13
16	67	14
16	68	11
16	70	13
16	73	17
16	77	19
16	82	12
16	84	17
16	87	2
16	90	8
16	94	1
16	99	18
16	102	8
16	104	1
16	107	11
16	113	16
16	119	15
16	121	12
16	123	7
16	124	20
16	125	17
16	127	16
16	131	2
16	137	11
16	143	5
16	145	7
16	149	20
16	150	2
16	154	14
16	164	16
16	165	3
16	167	13
16	169	13
16	173	3
16	177	4
16	182	20
16	184	13
16	188	3
16	195	12
16	197	11
17	2	19
17	5	11
17	8	10
17	10	5
17	11	16
17	12	12
17	16	18
17	18	17
17	22	11
17	26	20
17	31	9
17	35	17
17	38	9
17	39	12
17	46	20
17	47	6
17	51	8
17	53	14
17	54	2
17	56	17
17	60	4
17	61	13
17	68	3
17	74	19
17	88	2
17	89	16
17	91	16
17	97	14
17	107	19
17	108	11
17	109	1
17	110	11
17	111	15
17	112	18
17	114	20
17	121	19
17	122	4
17	129	4
17	131	16
17	132	14
17	135	6
17	138	14
17	139	5
17	141	2
17	144	11
17	149	8
17	154	15
17	156	1
17	157	1
17	158	12
17	160	1
17	165	7
17	169	5
17	173	14
17	181	7
17	185	20
17	189	20
17	198	11
17	199	5
18	2	8
18	3	19
18	4	11
18	8	5
18	11	20
18	17	26
18	19	20
18	20	11
18	23	6
18	27	9
18	32	16
18	34	13
18	40	8
18	41	13
18	42	18
18	43	3
18	49	8
18	53	16
18	54	13
18	55	14
18	57	13
18	58	7
18	65	7
18	72	19
18	78	15
18	80	19
18	81	10
18	86	16
18	89	13
18	93	19
18	94	1
18	95	6
18	98	17
18	102	5
18	104	19
18	110	8
18	113	16
18	117	15
18	119	10
18	120	18
18	121	19
18	128	19
18	131	5
18	135	14
18	141	17
18	148	11
18	154	8
18	157	2
18	161	16
18	163	12
18	166	4
18	167	14
18	176	7
19	2	18
19	3	20
19	7	17
19	13	10
19	18	10
19	20	11
19	21	3
19	23	9
19	24	8
19	29	14
19	33	17
19	43	7
19	68	13
19	76	12
19	77	3
19	78	4
19	81	14
19	88	6
19	90	19
19	91	3
19	97	1
19	98	12
19	103	1
19	105	6
19	117	12
19	122	4
19	125	14
19	138	8
19	140	16
19	142	12
19	143	4
19	153	9
19	155	1
19	169	6
19	171	9
19	175	12
19	178	8
19	185	2
19	191	5
19	194	16
19	200	17
20	1	4
20	3	20
20	4	16
20	6	5
20	9	14
20	15	16
20	19	14
20	21	10
20	26	9
20	28	17
20	29	16
20	33	1
20	37	1
20	38	4
20	41	19
20	42	4
20	51	14
20	55	18
20	64	5
20	66	15
20	75	6
20	76	8
20	78	17
20	81	8
20	83	19
20	84	5
20	85	2
20	95	9
20	100	3
20	109	1
20	111	2
20	114	4
20	115	10
20	119	11
20	128	15
20	132	13
20	136	11
20	138	5
20	139	20
20	140	16
20	142	19
20	148	14
20	150	7
20	151	19
20	154	1
20	155	3
20	160	12
20	168	15
20	171	15
20	180	13
20	183	16
20	186	16
20	189	17
20	190	11
20	195	6
21	1	20
21	6	11
21	16	4
21	20	19
21	22	2
21	28	9
21	29	13
21	31	1
21	32	7
21	33	6
21	39	2
21	41	2
21	47	20
21	50	11
21	55	12
21	60	16
21	73	10
21	74	10
21	83	19
21	84	13
21	87	16
21	89	11
21	90	2
21	95	3
21	100	10
21	104	8
21	107	17
21	110	10
21	114	19
21	115	5
21	116	7
21	119	18
21	124	10
21	125	4
21	127	18
21	128	9
21	141	15
21	144	7
21	151	14
21	169	8
21	173	17
21	175	8
21	182	19
21	185	12
21	187	18
21	189	16
21	190	5
21	199	6
22	5	7
22	6	20
22	7	3
22	9	6
22	11	5
22	13	9
22	21	7
22	23	17
22	26	6
22	27	14
22	29	6
22	35	10
22	50	18
22	51	9
22	55	14
22	58	6
22	61	13
22	62	11
22	64	17
22	65	13
22	67	3
22	73	5
22	76	1
22	78	5
22	82	8
22	84	1
22	86	7
22	90	9
22	91	9
22	92	1
22	97	1
22	107	9
22	111	20
22	121	9
22	122	1
22	124	8
22	130	6
22	133	7
22	134	16
22	135	5
22	139	5
22	140	6
22	141	18
22	142	10
22	150	4
22	151	18
22	155	14
22	156	16
22	158	10
22	161	8
22	164	3
22	167	1
22	169	4
22	172	3
22	173	15
22	175	12
22	179	11
22	185	20
22	194	14
23	4	19
23	8	18
23	12	9
23	22	10
23	24	6
23	32	1
23	44	9
23	46	19
23	47	18
23	57	19
23	58	10
23	60	14
23	63	16
23	64	5
23	78	17
23	85	5
23	86	4
23	87	12
23	90	11
23	92	19
23	94	17
23	100	7
23	102	18
23	105	4
23	112	4
23	125	16
23	130	7
23	131	12
23	134	6
23	136	4
23	142	8
23	144	9
23	145	9
23	147	12
23	155	11
23	158	11
23	161	16
23	163	6
23	175	7
23	179	12
23	183	5
23	184	3
23	186	5
23	187	6
23	190	10
23	193	3
23	194	6
23	196	6
24	5	7
24	10	19
24	14	9
24	19	5
24	22	16
24	23	3
24	25	3
24	30	20
24	35	15
24	37	6
24	40	2
24	50	2
24	51	1
24	52	12
24	62	2
24	75	17
24	77	16
24	79	2
24	82	11
24	84	6
24	85	16
24	89	8
24	94	9
24	101	10
24	108	8
24	109	7
24	113	20
24	115	11
24	116	10
24	126	20
24	128	16
24	129	12
24	137	5
24	138	9
24	143	1
24	146	20
24	147	18
24	148	4
24	149	4
24	150	18
24	156	5
24	163	12
24	171	18
24	174	13
24	175	9
24	176	17
24	180	6
24	188	15
24	192	14
24	196	15
25	6	10
25	8	10
25	13	2
25	14	9
25	18	11
25	20	17
25	21	20
25	24	7
25	26	4
25	28	17
25	31	20
25	32	13
25	35	18
25	37	12
25	39	19
25	42	3
25	47	7
25	48	5
25	51	5
25	61	18
25	62	17
25	63	10
25	66	18
25	74	8
25	80	2
25	81	17
25	90	13
25	91	6
25	111	16
25	113	15
25	116	15
25	118	13
25	119	4
25	123	15
25	125	5
25	129	13
25	132	1
25	133	13
25	135	2
25	137	2
25	138	18
25	145	14
25	147	8
25	150	4
25	153	2
25	156	11
25	157	20
25	158	13
25	159	7
25	165	12
25	174	2
25	175	6
25	187	4
25	194	20
25	195	7
25	199	13
26	3	3
26	10	11
26	11	2
26	24	18
26	25	2
26	27	30
26	42	20
26	44	7
26	48	19
26	49	17
26	50	5
26	51	18
26	52	7
26	65	16
26	68	19
26	69	15
26	71	6
26	74	16
26	85	2
26	87	1
26	93	3
26	97	19
26	98	14
26	108	16
26	109	13
26	126	2
26	133	4
26	138	10
26	143	8
26	145	18
26	152	17
26	154	18
26	158	4
26	160	14
26	163	13
26	166	11
26	168	11
26	171	15
26	177	19
26	178	5
26	182	18
26	186	9
26	189	15
26	191	10
26	194	16
26	195	5
27	2	8
27	5	19
27	11	11
27	12	9
27	14	16
27	17	7
27	18	3
27	26	12
27	28	16
27	29	3
27	30	11
27	36	17
27	49	6
27	55	19
27	56	6
27	58	3
27	62	5
27	63	1
27	71	4
27	72	4
27	78	17
27	79	15
27	84	12
27	85	20
27	87	10
27	89	19
27	91	9
27	95	17
27	100	13
27	105	1
27	112	16
27	120	12
27	124	18
27	128	2
27	131	3
27	140	1
27	153	10
27	159	15
27	167	16
27	168	2
27	178	15
27	179	9
27	181	4
27	192	3
27	199	6
28	6	19
28	10	13
28	26	7
28	27	14
28	29	14
28	46	16
28	47	18
28	48	11
28	54	13
28	61	11
28	65	14
28	66	14
28	67	4
28	78	14
28	85	6
28	86	1
28	90	8
28	92	19
28	104	18
28	111	1
28	112	16
28	114	16
28	123	1
28	126	18
28	128	1
28	129	9
28	131	18
28	132	2
28	137	15
28	139	7
28	146	6
28	158	3
28	160	10
28	161	6
28	163	1
28	168	20
28	171	6
28	172	6
28	174	14
28	176	16
28	181	9
28	184	10
28	188	15
28	191	8
28	194	19
29	1	11
29	2	13
29	4	6
29	5	16
29	6	5
29	10	1
29	11	19
29	12	1
29	21	9
29	28	34
29	30	18
29	32	18
29	36	13
29	38	10
29	54	18
29	56	3
29	57	20
29	58	11
29	63	15
29	64	13
29	66	4
29	76	3
29	77	20
29	80	9
29	86	6
29	90	9
29	94	3
29	96	6
29	97	3
29	108	17
29	110	7
29	112	17
29	114	11
29	117	1
29	119	2
29	121	10
29	130	11
29	140	5
29	141	5
29	144	12
29	152	10
29	156	13
29	158	10
29	159	15
29	162	18
29	165	20
29	175	11
29	176	13
29	180	1
29	186	20
29	188	10
29	195	16
29	197	3
30	6	18
30	9	20
30	12	6
30	15	5
30	18	5
30	19	14
30	20	4
30	23	18
30	27	13
30	29	5
30	31	12
30	35	18
30	37	12
30	38	16
30	40	19
30	43	16
30	49	2
30	54	14
30	62	15
30	68	13
30	80	3
30	87	2
30	92	17
30	93	1
30	98	5
30	103	18
30	110	1
30	111	17
30	116	5
30	118	5
30	133	9
30	140	15
30	146	15
30	147	6
30	155	17
30	156	11
30	167	14
30	169	11
30	173	5
30	178	17
30	190	9
30	191	13
30	194	3
30	195	11
31	1	6
31	4	14
31	7	17
31	8	6
31	9	12
31	13	6
31	16	10
31	20	6
31	25	19
31	27	6
31	29	1
31	30	16
31	32	6
31	36	17
31	42	15
31	50	8
31	51	19
31	53	17
31	54	2
31	57	18
31	60	12
31	62	1
31	64	7
31	65	16
31	66	15
31	69	16
31	72	8
31	80	6
31	91	15
31	96	20
31	99	2
31	107	11
31	110	15
31	114	8
31	116	5
31	117	1
31	122	4
31	123	1
31	128	16
31	131	10
31	132	9
31	134	9
31	138	5
31	140	20
31	150	18
31	153	19
31	157	16
31	159	12
31	161	18
31	164	6
31	169	17
31	172	5
31	176	20
31	179	14
31	187	13
31	188	12
31	189	9
31	196	16
31	199	18
32	3	11
32	4	10
32	8	2
32	15	17
32	19	16
32	21	2
32	22	16
32	23	10
32	31	12
32	33	2
32	41	5
32	42	14
32	50	7
32	61	20
32	63	19
32	82	10
32	85	15
32	86	3
32	89	11
32	94	6
32	96	12
32	103	2
32	105	10
32	106	3
32	108	11
32	109	9
32	114	15
32	117	16
32	127	9
32	130	5
32	132	11
32	133	17
32	136	18
32	137	16
32	147	3
32	150	6
32	153	5
32	155	10
32	159	15
32	161	14
32	163	3
32	168	2
32	171	7
32	172	16
32	179	3
32	180	12
32	182	1
32	184	9
32	185	7
32	190	4
32	191	5
32	196	18
32	198	8
33	3	12
33	6	13
33	31	5
33	32	12
33	34	20
33	43	15
33	45	13
33	48	9
33	55	13
33	56	16
33	58	2
33	60	20
33	62	9
33	64	9
33	73	20
33	75	5
33	79	12
33	80	8
33	88	10
33	92	19
33	94	15
33	100	19
33	104	1
33	108	14
33	110	20
33	113	1
33	124	17
33	127	10
33	128	8
33	134	7
33	136	5
33	140	16
33	145	9
33	147	1
33	151	16
33	153	8
33	156	3
33	166	9
33	170	17
33	173	15
33	175	15
33	186	5
33	189	16
33	196	20
33	197	5
33	199	15
34	1	11
34	2	13
34	3	19
34	4	16
34	7	7
34	9	10
34	11	18
34	13	13
34	16	10
34	23	16
34	25	7
34	28	12
34	29	14
34	31	20
34	33	1
34	35	12
34	40	18
34	41	16
34	50	18
34	53	14
34	55	4
34	59	1
34	71	18
34	79	15
34	83	20
34	84	10
34	92	7
34	103	14
34	109	14
34	111	14
34	115	6
34	123	4
34	124	7
34	126	13
34	128	11
34	129	4
34	130	10
34	133	2
34	134	2
34	135	4
34	140	18
34	150	20
34	151	20
34	152	14
34	156	17
34	157	8
34	161	12
34	164	3
34	167	3
34	168	11
34	176	18
34	178	10
34	188	6
34	189	11
34	190	2
34	193	14
34	196	4
34	198	3
34	199	6
35	1	7
35	8	10
35	11	4
35	13	20
35	19	5
35	20	16
35	21	13
35	22	8
35	26	13
35	28	3
35	30	4
35	34	2
35	36	7
35	37	8
35	38	7
35	39	17
35	43	16
35	62	20
35	63	20
35	65	13
35	69	13
35	72	18
35	75	15
35	76	9
35	81	7
35	88	5
35	106	16
35	110	9
35	111	11
35	115	13
35	125	20
35	127	10
35	130	7
35	131	6
35	132	10
35	133	1
35	135	10
35	136	16
35	137	15
35	143	11
35	144	20
35	146	2
35	148	17
35	151	7
35	159	15
35	160	12
35	163	17
35	167	7
35	169	19
35	172	18
35	183	17
35	185	4
35	190	4
35	191	14
35	194	11
35	195	18
36	6	13
36	12	17
36	14	13
36	17	7
36	20	5
36	22	10
36	25	20
36	32	20
36	35	12
36	37	10
36	43	18
36	46	12
36	52	17
36	61	16
36	78	9
36	79	11
36	80	8
36	84	8
36	86	6
36	90	20
36	92	15
36	97	18
36	99	20
36	100	16
36	101	11
36	103	13
36	104	11
36	105	7
36	106	15
36	116	1
36	123	12
36	126	10
36	127	7
36	150	5
36	153	13
36	156	11
36	159	1
36	166	18
36	174	9
36	175	1
36	176	9
36	179	19
36	187	19
36	189	8
36	190	3
36	193	19
36	196	7
36	198	14
36	200	2
37	8	10
37	13	9
37	26	13
37	29	20
37	30	7
37	34	1
37	36	22
37	38	9
37	45	2
37	48	13
37	51	2
37	53	16
37	54	15
37	59	17
37	67	5
37	68	10
37	75	4
37	84	12
37	91	20
37	94	18
37	96	18
37	104	7
37	105	18
37	108	13
37	114	1
37	119	3
37	124	1
37	140	8
37	146	5
37	148	18
37	150	9
37	154	14
37	157	10
37	162	18
37	166	8
37	182	11
37	183	1
37	185	17
37	190	19
37	192	7
37	196	12
37	198	16
37	200	8
38	10	10
38	12	8
38	14	15
38	15	8
38	20	15
38	22	2
38	23	4
38	24	2
38	25	13
38	26	2
38	29	5
38	30	5
38	34	12
38	37	18
38	39	19
38	42	3
38	44	12
38	45	3
38	46	4
38	49	13
38	58	8
38	63	5
38	65	16
38	68	16
38	73	19
38	80	1
38	81	6
38	88	1
38	94	8
38	97	11
38	98	15
38	101	12
38	102	10
38	114	18
38	115	20
38	119	4
38	121	4
38	123	6
38	129	3
38	130	20
38	134	1
38	139	6
38	143	7
38	147	13
38	156	8
38	173	9
38	174	2
38	175	6
38	179	8
38	182	13
38	183	19
38	184	1
38	186	11
38	188	11
38	193	9
38	196	11
38	197	1
38	198	11
39	1	10
39	2	9
39	3	15
39	7	9
39	14	2
39	21	13
39	35	10
39	38	1
39	40	15
39	46	19
39	47	18
39	50	14
39	51	9
39	54	10
39	72	7
39	73	17
39	74	14
39	83	15
39	85	6
39	86	14
39	88	2
39	89	10
39	92	19
39	99	10
39	103	9
39	104	2
39	110	17
39	115	12
39	116	17
39	117	7
39	118	20
39	122	12
39	124	13
39	129	17
39	130	19
39	131	3
39	138	16
39	140	20
39	141	8
39	144	7
39	145	20
39	152	3
39	156	13
39	157	1
39	162	10
39	164	16
39	168	11
39	169	2
39	174	5
39	175	2
39	176	8
39	185	15
39	190	19
39	192	9
39	195	19
40	11	16
40	14	13
40	15	15
40	23	8
40	26	16
40	27	5
40	39	9
40	41	12
40	43	13
40	46	4
40	47	14
40	48	11
40	50	1
40	53	2
40	54	13
40	59	11
40	60	11
40	66	16
40	67	5
40	69	18
40	79	8
40	80	7
40	84	18
40	85	14
40	86	15
40	88	5
40	89	13
40	91	19
40	92	9
40	96	5
40	97	20
40	100	17
40	112	9
40	114	4
40	116	4
40	117	12
40	119	9
40	121	12
40	123	8
40	129	20
40	134	4
40	138	5
40	143	9
40	151	19
40	154	9
40	155	15
40	165	5
40	167	1
40	173	16
40	174	16
40	180	9
40	181	19
40	183	14
40	186	8
40	193	8
40	197	11
40	198	16
40	200	2
41	8	17
41	13	11
41	21	16
41	27	13
41	35	13
41	38	14
41	40	5
41	42	40
41	51	2
41	55	9
41	62	7
41	63	10
41	72	15
41	75	7
41	81	19
41	97	16
41	98	15
41	99	18
41	101	17
41	116	2
41	124	18
41	126	20
41	128	6
41	132	7
41	136	3
41	138	5
41	146	4
41	158	15
41	159	14
41	163	20
41	165	1
41	168	4
41	169	19
41	172	14
41	180	12
41	186	11
41	193	8
42	1	13
42	3	15
42	5	12
42	6	9
42	7	11
42	8	7
42	11	15
42	14	19
42	19	1
42	24	10
42	27	3
42	33	17
42	34	15
42	41	4
42	43	6
42	48	8
42	52	12
42	54	6
42	55	19
42	57	9
42	63	6
42	66	11
42	67	16
42	68	4
42	70	11
42	72	20
42	74	7
42	87	4
42	88	19
42	89	5
42	95	5
42	97	8
42	99	20
42	100	16
42	102	12
42	104	14
42	105	3
42	108	14
42	110	15
42	111	9
42	112	4
42	119	14
42	121	15
42	123	7
42	125	7
42	129	13
42	133	4
42	134	7
42	136	15
42	137	3
42	141	15
42	144	6
42	148	5
42	149	15
42	150	1
42	162	12
42	164	11
42	167	10
42	171	5
42	174	17
42	178	9
42	192	3
43	4	13
43	5	4
43	9	2
43	10	14
43	14	7
43	15	14
43	19	18
43	23	5
43	24	14
43	25	2
43	26	12
43	28	9
43	37	11
43	39	1
43	42	24
43	44	28
43	45	20
43	50	20
43	67	11
43	72	6
43	74	11
43	77	14
43	84	17
43	87	2
43	88	10
43	91	16
43	93	3
43	94	1
43	100	20
43	101	1
43	109	5
43	112	18
43	113	17
43	119	3
43	124	5
43	128	16
43	131	6
43	134	4
43	135	3
43	137	5
43	150	20
43	156	19
43	164	12
43	168	18
43	169	4
43	170	11
43	174	6
43	176	6
43	180	6
43	183	17
43	184	3
43	193	18
43	197	14
43	198	8
43	199	6
43	200	8
44	2	11
44	3	15
44	5	2
44	9	7
44	12	19
44	20	17
44	25	7
44	26	18
44	29	6
44	32	1
44	35	4
44	36	15
44	40	3
44	43	12
44	45	28
44	46	4
44	47	11
44	49	10
44	51	20
44	52	20
44	63	10
44	69	20
44	70	7
44	76	20
44	77	3
44	78	19
44	89	12
44	96	14
44	98	11
44	104	6
44	107	5
44	110	7
44	114	18
44	119	18
44	121	16
44	123	2
44	133	3
44	134	3
44	137	6
44	139	11
44	140	12
44	141	18
44	146	19
44	155	7
44	156	16
44	157	7
44	160	11
44	163	20
44	164	16
44	167	8
44	178	14
44	180	13
44	186	18
44	193	12
44	194	3
44	198	10
45	1	3
45	9	16
45	13	17
45	16	9
45	26	17
45	35	13
45	38	20
45	39	13
45	41	1
45	44	2
45	46	12
45	48	16
45	50	4
45	59	15
45	65	9
45	81	15
45	82	16
45	86	6
45	97	4
45	99	10
45	106	7
45	112	9
45	118	19
45	119	3
45	127	3
45	131	11
45	141	4
45	143	20
45	144	20
45	151	14
45	155	3
45	157	12
45	164	12
45	165	18
45	172	16
45	179	15
45	180	3
45	193	1
45	194	11
45	195	11
45	196	14
46	2	3
46	11	9
46	14	4
46	29	2
46	30	5
46	37	17
46	40	17
46	42	7
46	44	7
46	45	16
46	47	12
46	50	7
46	51	7
46	58	6
46	60	13
46	61	11
46	66	3
46	67	11
46	75	4
46	77	15
46	87	2
46	93	7
46	97	15
46	103	13
46	106	5
46	107	12
46	115	11
46	119	3
46	122	4
46	124	9
46	128	17
46	136	5
46	138	10
46	140	17
46	146	14
46	153	17
46	158	8
46	159	20
46	167	18
46	171	14
46	172	17
46	186	3
46	187	17
46	189	14
46	191	3
46	198	9
46	199	8
46	200	5
47	3	9
47	4	10
47	9	15
47	10	6
47	13	10
47	14	1
47	16	11
47	20	5
47	23	10
47	26	16
47	27	9
47	28	13
47	30	3
47	34	17
47	35	10
47	38	7
47	39	10
47	45	19
47	46	4
47	48	6
47	61	8
47	63	1
47	67	4
47	71	11
47	75	12
47	79	14
47	82	7
47	86	18
47	91	20
47	94	18
47	98	16
47	100	1
47	103	15
47	104	1
47	107	15
47	110	4
47	111	18
47	119	1
47	135	15
47	149	9
47	153	10
47	155	17
47	162	8
47	169	1
47	183	13
47	187	3
47	193	13
48	6	3
48	12	16
48	14	2
48	16	2
48	18	7
48	23	16
48	25	5
48	35	1
48	43	16
48	46	18
48	47	8
48	49	24
48	51	10
48	52	11
48	54	6
48	56	2
48	58	6
48	63	12
48	65	17
48	69	16
48	75	14
48	82	19
48	84	17
48	86	11
48	88	17
48	89	20
48	92	1
48	93	16
48	94	7
48	95	13
48	97	4
48	104	15
48	106	3
48	108	1
48	109	2
48	111	12
48	113	5
48	114	7
48	115	20
48	118	14
48	120	16
48	123	20
48	126	11
48	127	16
48	128	13
48	132	4
48	133	6
48	139	16
48	150	9
48	151	7
48	159	10
48	164	5
48	167	14
48	168	7
48	174	4
48	185	10
48	187	5
48	190	9
48	191	18
48	192	1
48	193	2
48	196	20
48	197	20
48	198	13
49	9	20
49	13	7
49	15	20
49	21	18
49	23	10
49	36	14
49	38	16
49	39	15
49	44	5
49	46	18
49	47	4
49	48	2
49	50	32
49	51	11
49	56	18
49	59	20
49	80	7
49	83	18
49	86	5
49	88	15
49	89	13
49	90	17
49	92	20
49	95	5
49	100	14
49	103	2
49	105	7
49	106	6
49	107	6
49	108	15
49	110	17
49	113	3
49	118	1
49	120	18
49	121	14
49	123	18
49	125	16
49	126	12
49	127	16
49	134	19
49	138	13
49	139	16
49	142	2
49	144	20
49	147	18
49	154	20
49	162	10
49	166	11
49	167	14
49	175	20
49	181	15
49	192	4
49	196	11
49	199	20
50	1	10
50	5	13
50	13	7
50	14	20
50	23	9
50	25	3
50	28	5
50	34	3
50	35	13
50	38	4
50	39	1
50	49	14
50	51	10
50	55	20
50	59	19
50	62	7
50	63	18
50	65	11
50	74	19
50	76	4
50	80	15
50	86	12
50	87	20
50	89	12
50	97	8
50	98	20
50	101	12
50	102	17
50	103	8
50	108	5
50	112	16
50	113	8
50	114	2
50	117	10
50	121	19
50	124	8
50	125	17
50	135	1
50	137	17
50	138	4
50	141	6
50	145	13
50	150	14
50	153	7
50	157	19
50	161	17
50	166	19
50	172	12
50	174	17
50	177	5
50	180	14
50	189	3
50	198	8
50	200	10
51	1	15
51	4	4
51	5	14
51	6	15
51	8	5
51	13	9
51	23	20
51	26	14
51	31	3
51	36	14
51	49	8
51	50	6
51	52	19
51	61	10
51	62	6
51	63	13
51	64	4
51	67	2
51	74	1
51	75	10
51	76	6
51	85	19
51	86	10
51	89	20
51	95	16
51	101	19
51	111	1
51	129	18
51	135	1
51	143	4
51	144	18
51	149	14
51	152	14
51	155	16
51	156	10
51	162	20
51	169	11
51	171	18
51	181	18
51	182	14
51	183	6
51	184	16
51	185	14
51	194	2
51	195	19
51	199	16
51	200	9
52	11	13
52	20	18
52	24	14
52	25	13
52	26	14
52	32	1
52	40	1
52	42	8
52	43	15
52	45	8
52	50	13
52	51	10
52	53	6
52	54	7
52	56	16
52	58	17
52	61	11
52	64	5
52	75	13
52	78	11
52	79	15
52	84	13
52	87	6
52	89	2
52	91	19
52	94	6
52	95	8
52	96	1
52	97	9
52	105	15
52	109	2
52	110	15
52	111	8
52	115	1
52	117	9
52	120	15
52	125	6
52	130	8
52	137	3
52	138	10
52	139	4
52	140	12
52	143	17
52	144	4
52	149	4
52	152	10
52	153	18
52	157	18
52	160	5
52	164	7
52	182	5
52	185	20
52	186	18
52	187	11
52	192	18
53	4	9
53	6	6
53	8	17
53	9	9
53	13	4
53	17	19
53	19	7
53	21	1
53	30	18
53	31	7
53	35	13
53	43	5
53	44	18
53	48	1
53	52	14
53	54	14
53	59	19
53	64	19
53	68	6
53	73	11
53	75	3
53	78	4
53	79	15
53	84	11
53	85	2
53	87	17
53	90	5
53	94	5
53	100	12
53	104	17
53	107	4
53	110	2
53	119	13
53	129	2
53	132	5
53	136	19
53	142	19
53	147	18
53	149	17
53	151	4
53	152	20
53	159	8
53	165	17
53	166	8
53	169	20
53	179	14
53	181	16
54	1	14
54	2	2
54	7	4
54	9	19
54	10	3
54	15	6
54	20	8
54	21	15
54	24	13
54	27	19
54	29	10
54	42	14
54	44	5
54	49	19
54	51	4
54	53	10
54	55	16
54	62	7
54	65	17
54	68	14
54	70	4
54	86	13
54	87	17
54	89	9
54	93	18
54	111	14
54	114	8
54	119	11
54	128	14
54	130	3
54	131	19
54	135	3
54	137	15
54	138	15
54	140	4
54	141	16
54	143	1
54	149	6
54	152	5
54	159	18
54	164	20
54	168	16
54	170	7
54	171	17
54	174	4
54	177	18
54	178	17
54	198	11
54	199	5
54	200	13
55	1	3
55	4	14
55	7	20
55	8	1
55	10	18
55	12	20
55	15	7
55	19	16
55	23	4
55	34	19
55	35	5
55	38	6
55	39	7
55	50	20
55	54	14
55	56	6
55	57	2
55	59	11
55	60	17
55	64	9
55	66	4
55	67	16
55	69	8
55	71	2
55	72	14
55	82	12
55	83	8
55	86	2
55	90	8
55	91	2
55	92	17
55	93	12
55	95	11
55	98	19
55	102	3
55	107	8
55	110	14
55	114	7
55	117	2
55	121	8
55	130	17
55	131	3
55	135	15
55	142	13
55	144	11
55	145	2
55	147	18
55	155	14
55	159	13
55	161	8
55	163	10
55	166	1
55	171	19
55	172	5
55	178	16
55	180	13
55	181	20
55	188	9
55	193	8
55	196	11
56	1	10
56	3	8
56	6	18
56	7	4
56	10	11
56	16	10
56	17	3
56	20	4
56	25	17
56	29	12
56	32	4
56	34	5
56	35	2
56	41	11
56	42	7
56	48	18
56	55	4
56	57	7
56	59	14
56	63	16
56	75	20
56	78	7
56	80	20
56	82	1
56	87	16
56	88	10
56	93	16
56	94	15
56	95	16
56	96	8
56	97	1
56	102	5
56	103	15
56	106	11
56	109	14
56	113	7
56	119	17
56	121	9
56	125	12
56	126	11
56	128	3
56	129	17
56	132	3
56	136	2
56	143	1
56	144	13
56	145	20
56	146	14
56	149	4
56	150	20
56	151	11
56	153	16
56	158	3
56	159	14
56	166	11
56	167	2
56	170	16
56	181	8
56	194	16
56	195	14
56	196	11
57	2	2
57	7	18
57	12	12
57	15	14
57	18	9
57	26	14
57	34	3
57	35	19
57	42	18
57	46	3
57	52	11
57	55	2
57	56	6
57	58	2
57	68	15
57	71	13
57	72	13
57	75	11
57	79	7
57	88	2
57	91	3
57	94	15
57	97	18
57	100	20
57	103	2
57	106	10
57	108	1
57	113	17
57	117	1
57	118	17
57	122	1
57	126	20
57	127	19
57	135	18
57	138	20
57	143	20
57	146	19
57	156	3
57	159	16
57	162	12
57	168	5
57	173	4
57	177	8
57	179	5
57	183	9
57	187	10
57	197	14
57	198	10
57	199	5
58	6	6
58	10	4
58	11	5
58	16	12
58	21	14
58	25	13
58	30	15
58	34	19
58	41	14
58	42	5
58	43	20
58	46	12
58	57	16
58	59	13
58	64	14
58	67	3
58	68	5
58	71	20
58	75	9
58	77	13
58	80	12
58	85	12
58	87	19
58	94	5
58	102	4
58	103	12
58	104	3
58	105	15
58	106	6
58	107	17
58	109	12
58	111	11
58	115	8
58	118	1
58	119	10
58	121	9
58	132	18
58	133	1
58	134	5
58	139	1
58	140	18
58	147	10
58	156	10
58	161	18
58	163	18
58	165	3
58	166	17
58	169	16
58	174	8
58	175	4
58	181	7
58	185	16
58	186	7
58	190	9
59	2	5
59	5	5
59	11	19
59	17	12
59	18	2
59	30	10
59	35	7
59	38	12
59	39	12
59	42	9
59	43	12
59	47	16
59	48	15
59	50	12
59	55	6
59	58	15
59	60	13
59	62	11
59	66	20
59	72	8
59	74	18
59	79	20
59	80	6
59	86	17
59	87	15
59	98	4
59	99	7
59	103	1
59	107	14
59	109	3
59	110	20
59	127	19
59	130	17
59	131	19
59	142	2
59	145	20
59	162	19
59	164	9
59	167	6
59	168	20
59	170	1
59	178	10
59	192	9
59	196	11
59	198	12
60	2	9
60	3	8
60	11	8
60	12	14
60	15	17
60	21	17
60	25	14
60	28	8
60	30	2
60	34	10
60	38	8
60	48	17
60	49	14
60	51	12
60	52	9
60	53	6
60	56	4
60	58	20
60	59	11
60	61	20
60	65	7
60	81	5
60	83	4
60	86	16
60	91	7
60	97	7
60	99	13
60	106	19
60	108	4
60	110	18
60	111	10
60	116	8
60	119	12
60	123	6
60	129	15
60	140	8
60	141	11
60	146	20
60	150	10
60	156	15
60	159	14
60	164	2
60	165	19
60	166	19
60	168	16
60	175	8
60	183	16
60	185	16
60	186	3
60	191	9
60	192	14
61	2	20
61	15	16
61	23	8
61	24	13
61	27	19
61	28	14
61	38	12
61	40	3
61	50	10
61	58	19
61	59	12
61	60	6
61	62	3
61	63	10
61	65	11
61	66	20
61	69	11
61	73	13
61	75	11
61	80	6
61	83	1
61	91	14
61	94	6
61	96	14
61	101	17
61	102	18
61	109	8
61	112	18
61	114	7
61	120	3
61	125	17
61	129	11
61	134	7
61	135	2
61	141	12
61	147	12
61	148	20
61	150	12
61	155	6
61	158	9
61	166	5
61	171	19
61	172	18
61	177	9
61	182	18
61	189	1
61	193	9
61	194	5
61	197	5
61	200	8
62	3	15
62	5	17
62	8	12
62	12	16
62	28	9
62	29	12
62	31	19
62	33	9
62	41	2
62	42	7
62	45	8
62	46	10
62	50	12
62	51	9
62	52	6
62	56	4
62	60	11
62	61	1
62	63	19
62	65	20
62	66	15
62	67	12
62	68	7
62	69	1
62	76	14
62	80	20
62	83	11
62	85	10
62	90	12
62	91	5
62	94	17
62	100	10
62	108	19
62	110	19
62	112	20
62	123	10
62	130	3
62	137	8
62	138	20
62	145	4
62	147	15
62	152	11
62	153	15
62	169	4
62	172	12
62	176	15
62	177	14
62	181	6
62	182	3
62	183	17
62	184	5
62	188	3
62	189	16
62	190	17
62	192	12
62	195	7
63	1	6
63	6	15
63	7	11
63	9	9
63	14	13
63	19	4
63	20	1
63	22	3
63	25	14
63	26	12
63	29	5
63	30	5
63	32	8
63	33	17
63	36	14
63	40	19
63	44	18
63	53	3
63	56	6
63	60	13
63	62	1
63	64	3
63	67	2
63	69	15
63	70	9
63	71	8
63	83	10
63	84	11
63	91	16
63	94	15
63	99	8
63	103	4
63	104	13
63	110	9
63	112	19
63	113	16
63	122	5
63	123	7
63	133	1
63	145	4
63	149	9
63	152	15
63	161	3
63	163	19
63	166	20
63	167	15
63	170	14
63	174	17
63	180	15
63	185	7
63	189	12
63	190	4
63	193	19
63	198	13
64	3	7
64	6	17
64	8	12
64	9	7
64	10	4
64	11	3
64	18	1
64	21	18
64	23	2
64	25	5
64	34	9
64	35	10
64	39	2
64	45	1
64	52	9
64	53	1
64	56	16
64	57	1
64	59	2
64	63	20
64	65	10
64	67	12
64	70	19
64	71	16
64	74	9
64	81	3
64	82	20
64	83	18
64	88	3
64	90	14
64	92	5
64	93	20
64	94	8
64	96	9
64	99	9
64	107	4
64	111	6
64	115	10
64	117	3
64	118	12
64	123	10
64	126	13
64	129	14
64	132	8
64	136	13
64	143	1
64	146	5
64	148	4
64	151	1
64	156	14
64	160	9
64	162	3
64	163	8
64	167	19
64	169	14
64	171	9
64	172	8
64	182	7
64	197	11
65	2	19
65	4	18
65	6	12
65	13	14
65	17	2
65	21	4
65	34	18
65	35	19
65	42	9
65	44	3
65	48	2
65	51	16
65	52	2
65	61	13
65	63	15
65	64	16
65	66	1
65	68	12
65	70	5
65	71	12
65	77	9
65	79	13
65	82	17
65	85	2
65	87	6
65	88	19
65	89	7
65	96	17
65	102	18
65	103	19
65	105	3
65	107	11
65	108	7
65	117	8
65	121	10
65	129	14
65	132	18
65	139	4
65	141	15
65	153	15
65	159	7
65	160	19
65	165	16
65	168	1
65	176	14
65	177	4
65	187	18
65	188	11
65	195	5
65	199	4
66	6	11
66	10	11
66	11	14
66	23	10
66	24	13
66	36	10
66	40	15
66	42	13
66	50	18
66	51	8
66	52	14
66	53	4
66	60	10
66	65	16
66	67	5
66	69	16
66	72	12
66	83	12
66	84	10
66	87	2
66	91	2
66	92	7
66	93	13
66	100	11
66	102	12
66	105	9
66	114	14
66	118	17
66	119	4
66	120	6
66	127	8
66	130	16
66	136	20
66	142	1
66	143	9
66	145	12
66	147	14
66	155	6
66	157	5
66	160	14
66	178	2
66	179	7
66	185	17
66	191	14
66	195	3
66	200	1
67	4	7
67	7	15
67	9	20
67	19	12
67	24	20
67	28	5
67	30	20
67	37	20
67	38	6
67	42	6
67	43	2
67	44	18
67	46	20
67	53	18
67	54	13
67	58	12
67	63	9
67	64	15
67	66	12
67	68	5
67	70	12
67	80	6
67	82	3
67	83	5
67	84	2
67	90	6
67	99	3
67	109	15
67	110	5
67	111	10
67	112	2
67	113	10
67	117	16
67	118	17
67	124	16
67	126	15
67	131	4
67	133	10
67	138	11
67	141	7
67	143	9
67	144	20
67	146	3
67	147	14
67	149	3
67	151	8
67	153	2
67	179	10
67	180	17
67	182	9
67	185	18
67	188	18
67	189	17
67	194	3
68	1	4
68	8	3
68	14	20
68	17	16
68	20	5
68	24	3
68	26	17
68	30	11
68	44	1
68	48	4
68	57	7
68	67	2
68	69	11
68	75	14
68	76	20
68	80	10
68	84	2
68	94	20
68	99	13
68	102	11
68	106	3
68	107	11
68	118	20
68	120	15
68	125	6
68	131	11
68	133	17
68	134	16
68	135	18
68	139	5
68	142	4
68	144	6
68	145	16
68	159	16
68	165	6
68	169	9
68	177	10
68	179	20
68	182	20
68	184	10
68	191	19
68	193	12
68	198	11
68	199	15
68	200	5
69	4	16
69	15	7
69	16	18
69	22	20
69	24	4
69	25	8
69	27	19
69	33	12
69	34	7
69	39	10
69	44	19
69	47	20
69	50	7
69	51	6
69	57	13
69	64	18
69	67	14
69	68	7
69	70	9
69	71	4
69	72	20
69	75	12
69	81	15
69	87	16
69	90	9
69	96	6
69	101	20
69	109	20
69	124	10
69	131	14
69	135	12
69	136	4
69	137	10
69	139	7
69	146	16
69	149	20
69	156	16
69	161	9
69	162	5
69	163	7
69	166	15
69	171	10
69	172	15
69	191	15
69	193	11
70	2	7
70	4	14
70	5	19
70	22	7
70	24	1
70	26	2
70	34	15
70	38	19
70	41	16
70	43	18
70	49	14
70	51	11
70	56	9
70	63	19
70	65	9
70	67	8
70	69	2
70	71	15
70	74	15
70	80	1
70	86	2
70	93	3
70	95	8
70	98	8
70	99	20
70	101	7
70	109	1
70	111	17
70	112	15
70	116	14
70	119	17
70	124	15
70	129	14
70	143	13
70	147	13
70	154	2
70	155	10
70	156	3
70	158	3
70	165	19
70	166	12
70	168	11
70	169	13
70	170	1
70	172	16
70	173	1
70	178	19
70	179	8
70	184	2
70	186	16
70	188	8
70	194	20
71	1	9
71	20	14
71	26	8
71	32	12
71	34	8
71	38	7
71	39	20
71	44	5
71	50	6
71	52	20
71	57	14
71	66	9
71	70	18
71	72	8
71	77	14
71	89	5
71	93	11
71	95	19
71	97	20
71	98	4
71	99	16
71	121	7
71	124	19
71	125	1
71	126	16
71	129	20
71	138	16
71	140	2
71	147	5
71	149	12
71	150	9
71	158	18
71	160	11
71	163	16
71	168	15
71	174	7
71	175	15
71	178	18
71	180	2
71	184	17
71	189	2
71	190	5
71	195	2
71	197	14
72	1	12
72	15	3
72	22	17
72	23	12
72	28	14
72	32	2
72	38	13
72	44	1
72	45	1
72	46	1
72	49	6
72	51	3
72	53	9
72	56	2
72	58	10
72	71	16
72	73	26
72	79	10
72	84	17
72	87	18
72	92	17
72	93	7
72	94	5
72	96	3
72	98	1
72	99	2
72	105	10
72	111	7
72	112	9
72	117	12
72	119	8
72	126	17
72	129	8
72	132	2
72	136	6
72	138	17
72	141	16
72	144	2
72	145	5
72	146	13
72	149	16
72	151	11
72	158	18
72	166	1
72	167	2
72	169	11
72	176	16
72	177	15
72	182	8
72	185	20
72	193	18
72	197	4
72	198	2
72	200	18
73	2	9
73	3	17
73	5	12
73	13	8
73	22	14
73	30	8
73	32	20
73	33	4
73	34	2
73	35	4
73	40	17
73	41	2
73	46	1
73	51	1
73	53	11
73	58	20
73	61	8
73	62	6
73	63	17
73	64	4
73	72	2
73	74	5
73	76	11
73	82	12
73	86	11
73	88	10
73	96	1
73	97	7
73	99	18
73	101	18
73	102	19
73	103	9
73	107	11
73	110	5
73	111	3
73	112	1
73	113	6
73	116	4
73	118	15
73	129	14
73	131	6
73	132	5
73	133	11
73	134	20
73	135	20
73	136	14
73	137	18
73	138	4
73	143	19
73	147	4
73	149	19
73	150	6
73	152	12
73	156	12
73	162	13
73	166	11
73	168	11
73	171	7
73	175	4
73	182	20
73	183	3
73	186	2
73	196	13
74	3	6
74	4	17
74	6	17
74	7	2
74	14	11
74	15	3
74	18	5
74	19	5
74	21	7
74	24	12
74	27	18
74	33	10
74	40	13
74	43	1
74	45	20
74	62	6
74	63	5
74	73	36
74	75	13
74	83	17
74	84	8
74	85	12
74	89	20
74	91	9
74	92	7
74	93	15
74	101	16
74	103	9
74	106	2
74	112	20
74	123	12
74	124	7
74	129	7
74	135	1
74	140	18
74	141	8
74	142	11
74	147	18
74	152	5
74	153	3
74	163	14
74	165	2
74	169	1
74	172	19
74	180	10
74	181	6
74	187	4
74	191	7
74	194	8
74	196	6
75	5	10
75	11	16
75	20	1
75	22	4
75	26	8
75	30	2
75	36	17
75	40	8
75	46	8
75	50	5
75	51	13
75	63	7
75	65	8
75	68	16
75	69	6
75	71	10
75	74	4
75	76	9
75	81	6
75	99	8
75	101	15
75	105	18
75	111	11
75	116	15
75	117	5
75	119	5
75	125	19
75	126	11
75	130	17
75	137	15
75	139	14
75	140	16
75	146	9
75	147	2
75	149	16
75	153	8
75	154	16
75	155	11
75	160	6
75	164	17
75	165	6
75	168	4
75	179	15
75	188	15
75	192	8
75	196	10
76	1	1
76	3	19
76	7	4
76	8	5
76	19	9
76	22	4
76	26	10
76	34	9
76	36	4
76	42	2
76	43	19
76	46	13
76	47	12
76	49	15
76	55	1
76	56	18
76	74	10
76	75	17
76	77	10
76	80	7
76	84	6
76	86	9
76	90	2
76	93	18
76	95	1
76	96	6
76	101	3
76	104	16
76	108	4
76	109	11
76	115	5
76	116	3
76	123	7
76	124	8
76	127	14
76	137	11
76	140	16
76	142	4
76	147	16
76	149	18
76	151	7
76	156	3
76	157	3
76	162	14
76	165	18
76	174	2
76	175	8
76	180	11
76	181	16
76	182	15
76	188	12
76	192	13
76	200	4
77	1	19
77	6	19
77	9	1
77	11	18
77	13	18
77	16	3
77	22	19
77	29	10
77	31	10
77	38	19
77	48	15
77	56	8
77	63	12
77	65	19
77	76	34
77	78	14
77	79	11
77	85	9
77	93	1
77	99	8
77	101	9
77	107	3
77	109	1
77	110	13
77	112	16
77	120	13
77	122	17
77	126	1
77	130	14
77	131	20
77	135	11
77	145	8
77	150	8
77	156	12
77	161	18
77	162	5
77	165	3
77	169	12
77	170	18
77	173	19
77	174	11
77	178	12
77	179	17
77	186	9
77	192	12
77	196	19
77	198	4
78	2	1
78	3	5
78	10	20
78	13	3
78	18	6
78	21	2
78	25	16
78	27	8
78	29	17
78	30	16
78	33	10
78	38	6
78	43	4
78	46	16
78	47	14
78	54	4
78	61	10
78	63	8
78	64	5
78	72	16
78	77	6
78	79	18
78	81	19
78	82	14
78	83	1
78	93	3
78	95	10
78	98	20
78	101	19
78	103	3
78	104	13
78	108	7
78	113	12
78	115	11
78	122	12
78	125	6
78	126	6
78	128	14
78	133	8
78	138	5
78	140	10
78	142	14
78	148	7
78	149	16
78	154	6
78	159	1
78	160	3
78	163	8
78	166	18
78	173	10
78	184	7
78	187	18
78	189	3
78	193	9
78	196	3
78	200	4
79	5	20
79	7	20
79	8	20
79	10	6
79	14	16
79	16	7
79	19	18
79	20	14
79	25	15
79	32	17
79	39	13
79	43	18
79	45	17
79	48	11
79	50	12
79	53	19
79	54	8
79	70	9
79	72	19
79	74	12
79	75	20
79	78	18
79	80	40
79	82	20
79	84	3
79	87	13
79	91	4
79	100	15
79	101	11
79	102	13
79	103	3
79	105	1
79	108	1
79	110	8
79	116	17
79	117	5
79	119	5
79	125	17
79	126	6
79	127	9
79	130	4
79	135	11
79	136	9
79	139	12
79	150	16
79	158	16
79	160	12
79	162	14
79	164	6
79	176	9
79	177	14
79	183	13
79	184	14
79	191	19
80	40	10
80	43	3
80	45	6
80	46	12
80	56	7
80	61	19
80	65	2
80	71	16
80	75	17
80	76	1
80	79	6
80	81	13
80	85	13
80	86	9
80	91	8
80	92	16
80	93	4
80	94	2
80	96	15
80	99	1
80	101	15
80	102	2
80	103	16
80	107	4
80	110	12
80	115	12
80	116	18
80	121	15
80	124	2
80	125	1
80	136	14
80	138	1
80	143	8
80	146	13
80	149	12
80	151	7
80	159	12
80	162	10
80	163	11
80	164	19
80	167	9
80	171	6
80	176	11
80	180	6
80	182	3
80	186	1
80	196	14
80	197	2
81	18	13
81	19	16
81	30	1
81	36	8
81	37	20
81	45	15
81	56	14
81	57	14
81	61	9
81	70	19
81	76	4
81	80	9
81	82	2
81	87	11
81	92	5
81	94	7
81	95	8
81	100	16
81	103	12
81	104	16
81	109	18
81	110	5
81	112	3
81	118	20
81	124	12
81	126	12
81	127	15
81	128	5
81	129	13
81	132	11
81	135	10
81	136	20
81	137	20
81	139	11
81	140	7
81	142	14
81	143	13
81	147	12
81	152	4
81	156	15
81	160	19
81	162	8
81	163	5
81	167	4
81	171	18
81	173	15
81	186	17
81	195	7
81	196	11
81	198	9
81	200	3
82	2	9
82	4	20
82	5	14
82	8	18
82	11	5
82	13	15
82	19	18
82	21	5
82	23	6
82	28	20
82	31	2
82	37	2
82	38	17
82	41	13
82	46	7
82	52	4
82	61	15
82	69	16
82	73	11
82	74	16
82	78	2
82	80	9
82	81	7
82	83	14
82	89	15
82	90	2
82	91	12
82	93	7
82	95	12
82	96	8
82	101	16
82	102	1
82	104	14
82	107	2
82	112	10
82	118	12
82	119	10
82	121	13
82	123	3
82	125	6
82	129	10
82	141	18
82	144	17
82	145	4
82	150	13
82	154	18
82	156	10
82	157	16
82	158	4
82	162	7
82	169	4
82	170	15
82	173	6
82	176	20
82	180	3
82	190	16
82	193	18
82	195	12
82	199	11
83	5	16
83	10	14
83	12	19
83	15	20
83	18	10
83	21	14
83	24	11
83	28	9
83	29	11
83	32	7
83	34	13
83	39	3
83	40	14
83	47	19
83	54	19
83	56	14
83	58	16
83	60	19
83	67	9
83	68	19
83	69	9
83	75	15
83	78	11
83	82	4
83	84	8
83	86	4
83	87	5
83	89	5
83	91	10
83	110	17
83	111	9
83	113	9
83	114	5
83	115	2
83	116	14
83	117	2
83	118	9
83	119	8
83	128	12
83	131	4
83	137	4
83	140	17
83	142	17
83	143	15
83	147	15
83	149	9
83	150	16
83	153	12
83	155	13
83	158	16
83	160	7
83	161	16
83	163	20
83	171	14
83	179	18
83	180	17
83	185	17
83	186	19
83	187	4
83	191	14
83	192	7
84	2	9
84	6	8
84	12	4
84	13	12
84	23	3
84	29	8
84	36	9
84	43	1
84	48	10
84	51	5
84	53	9
84	60	18
84	64	13
84	66	6
84	68	17
84	69	15
84	70	18
84	75	16
84	78	5
84	80	2
84	83	30
84	85	15
84	90	17
84	94	19
84	97	1
84	99	1
84	101	16
84	102	3
84	103	4
84	111	17
84	120	19
84	124	9
84	129	9
84	137	17
84	139	17
84	144	9
84	146	10
84	152	17
84	153	3
84	154	15
84	155	15
84	156	17
84	158	18
84	162	18
84	163	8
84	167	19
84	172	10
84	174	13
84	180	17
84	181	8
84	182	6
84	185	7
84	190	2
84	191	19
84	194	17
85	2	18
85	6	6
85	11	16
85	13	19
85	20	17
85	21	15
85	22	20
85	29	8
85	34	5
85	39	19
85	41	6
85	42	2
85	45	19
85	47	13
85	48	12
85	53	20
85	55	3
85	58	9
85	65	20
85	71	19
85	75	4
85	77	9
85	82	7
85	84	7
85	86	20
85	88	20
85	90	7
85	95	6
85	99	13
85	108	20
85	113	11
85	114	7
85	117	1
85	118	2
85	121	2
85	128	5
85	135	1
85	136	18
85	139	4
85	141	14
85	147	1
85	150	5
85	155	18
85	156	8
85	160	10
85	162	2
85	163	19
85	165	6
85	171	19
85	172	6
85	177	11
85	178	18
85	181	20
85	183	14
85	188	5
85	198	13
86	1	10
86	5	9
86	6	3
86	7	8
86	9	17
86	24	12
86	29	14
86	31	19
86	33	5
86	38	19
86	40	4
86	41	20
86	45	8
86	47	3
86	50	20
86	52	20
86	53	9
86	54	19
86	65	17
86	66	4
86	69	20
86	71	20
86	72	5
86	76	4
86	78	11
86	81	17
86	82	6
86	85	19
86	87	11
86	107	13
86	123	1
86	127	20
86	128	6
86	132	5
86	135	12
86	136	17
86	139	14
86	142	16
86	148	9
86	156	9
86	160	17
86	161	9
86	166	20
86	169	9
86	172	15
86	174	5
86	178	18
86	181	8
86	182	20
86	184	20
86	186	15
86	189	19
86	190	3
86	193	15
86	194	10
86	200	4
87	3	2
87	4	8
87	11	17
87	13	1
87	14	10
87	15	7
87	19	13
87	20	7
87	33	8
87	34	14
87	35	3
87	42	12
87	44	20
87	47	7
87	50	14
87	53	20
87	57	7
87	58	10
87	59	13
87	66	5
87	68	16
87	83	13
87	86	8
87	88	17
87	92	18
87	93	18
87	99	11
87	104	17
87	106	16
87	107	10
87	111	15
87	118	10
87	142	8
87	147	14
87	148	4
87	151	14
87	152	5
87	153	16
87	155	13
87	157	2
87	168	1
87	170	2
87	172	20
87	174	13
87	176	3
87	179	5
87	180	18
87	181	10
87	187	11
87	194	1
87	195	12
88	2	12
88	4	10
88	6	14
88	9	10
88	15	2
88	17	17
88	22	20
88	27	9
88	33	18
88	38	18
88	47	2
88	51	15
88	58	15
88	62	18
88	68	11
88	70	18
88	75	8
88	80	12
88	81	1
88	85	3
88	87	4
88	89	13
88	95	13
88	98	14
88	100	1
88	104	13
88	105	1
88	109	6
88	112	2
88	119	17
88	120	17
88	125	20
88	128	4
88	133	16
88	143	3
88	157	9
88	160	9
88	161	5
88	169	2
88	173	2
88	174	19
88	184	10
88	186	5
88	198	17
89	8	2
89	22	8
89	26	14
89	28	7
89	29	5
89	45	2
89	47	18
89	48	18
89	55	3
89	57	10
89	66	16
89	69	18
89	84	11
89	85	16
89	88	8
89	90	17
89	92	9
89	105	20
89	108	14
89	109	10
89	123	18
89	124	3
89	125	13
89	126	10
89	135	7
89	141	5
89	142	11
89	143	8
89	147	3
89	158	10
89	159	14
89	168	6
89	176	19
89	177	16
89	180	9
89	181	2
89	187	1
89	189	17
89	190	1
89	195	16
89	200	9
90	5	15
90	8	9
90	20	13
90	22	14
90	27	1
90	28	10
90	29	16
90	30	16
90	40	7
90	46	1
90	51	17
90	54	14
90	55	10
90	57	15
90	58	9
90	67	14
90	68	10
90	71	17
90	76	5
90	77	18
90	87	3
90	88	8
90	89	19
90	91	6
90	92	1
90	93	9
90	94	2
90	98	10
90	103	1
90	105	16
90	106	19
90	108	2
90	111	17
90	112	17
90	113	17
90	123	13
90	128	20
90	133	13
90	144	7
90	157	17
90	160	18
90	163	10
90	165	3
90	166	9
90	167	5
90	169	13
90	173	1
90	175	12
90	184	13
90	189	1
90	195	1
91	11	20
91	19	9
91	22	18
91	28	4
91	33	15
91	36	7
91	40	9
91	43	5
91	45	5
91	47	9
91	50	20
91	55	14
91	57	1
91	65	18
91	68	9
91	71	11
91	75	17
91	83	13
91	85	4
91	87	20
91	90	13
91	92	17
91	95	11
91	96	15
91	103	19
91	104	20
91	106	18
91	107	4
91	111	15
91	113	2
91	117	12
91	118	18
91	120	6
91	124	20
91	129	7
91	142	9
91	143	3
91	150	15
91	151	9
91	156	5
91	157	18
91	170	19
91	176	4
91	177	10
91	183	2
91	191	5
91	192	13
91	200	14
92	7	5
92	11	4
92	20	20
92	22	1
92	24	6
92	25	4
92	26	16
92	37	20
92	38	16
92	42	20
92	43	15
92	45	1
92	49	3
92	53	2
92	54	18
92	61	2
92	63	5
92	64	1
92	65	20
92	77	18
92	78	14
92	80	9
92	82	7
92	83	12
92	84	12
92	86	6
92	91	5
92	93	19
92	95	14
92	97	20
92	100	5
92	101	5
92	104	2
92	106	11
92	117	11
92	118	2
92	120	3
92	121	17
92	122	16
92	137	15
92	138	10
92	143	14
92	144	4
92	152	7
92	153	7
92	155	5
92	156	6
92	160	15
92	161	16
92	165	7
92	177	18
92	179	13
92	180	17
92	181	13
92	182	5
92	183	19
92	184	19
92	189	12
92	191	13
92	195	15
92	196	12
93	12	13
93	14	17
93	20	14
93	24	19
93	29	15
93	33	4
93	40	20
93	53	6
93	69	13
93	76	17
93	84	13
93	86	18
93	87	20
93	90	15
93	92	19
93	94	40
93	100	20
93	103	4
93	109	1
93	123	9
93	126	6
93	127	8
93	141	3
93	143	5
93	144	17
93	145	18
93	147	18
93	153	8
93	154	13
93	156	13
93	157	15
93	160	19
93	167	1
93	169	4
93	170	13
93	173	10
93	174	12
93	194	19
93	200	14
94	9	2
94	13	14
94	16	6
94	21	18
94	22	11
94	23	4
94	24	16
94	26	19
94	28	9
94	32	3
94	35	7
94	42	10
94	55	11
94	56	17
94	59	8
94	66	2
94	68	1
94	69	13
94	71	15
94	81	20
94	82	3
94	85	5
94	86	2
94	93	38
94	95	12
94	102	13
94	105	15
94	117	9
94	120	16
94	121	1
94	126	13
94	128	16
94	129	17
94	131	11
94	132	17
94	133	2
94	135	3
94	148	4
94	155	18
94	175	11
94	176	19
94	182	4
94	186	14
94	189	10
94	194	16
94	197	5
95	6	4
95	7	16
95	9	6
95	10	6
95	16	19
95	18	4
95	20	10
95	28	16
95	30	13
95	32	19
95	40	3
95	46	11
95	47	3
95	49	16
95	52	14
95	54	13
95	65	20
95	70	12
95	71	12
95	74	11
95	78	2
95	79	18
95	87	3
95	89	11
95	94	1
95	96	4
95	100	8
95	101	4
95	106	15
95	114	13
95	120	11
95	121	19
95	122	15
95	124	11
95	129	2
95	135	19
95	141	6
95	143	12
95	146	3
95	147	3
95	157	20
95	160	13
95	162	8
95	167	1
95	171	9
95	172	19
95	173	8
95	184	4
95	193	6
95	194	9
95	196	7
95	199	6
96	3	12
96	6	6
96	7	19
96	10	3
96	15	4
96	21	18
96	23	16
96	24	7
96	29	12
96	30	13
96	31	19
96	32	9
96	33	1
96	37	10
96	40	4
96	42	15
96	45	9
96	55	6
96	56	12
96	66	6
96	67	3
96	72	9
96	79	18
96	80	14
96	86	3
96	90	3
96	93	1
96	94	8
96	95	13
96	97	3
96	100	7
96	105	20
96	109	19
96	112	15
96	115	13
96	117	18
96	118	2
96	119	1
96	123	3
96	136	7
96	137	10
96	141	20
96	145	15
96	148	5
96	152	9
96	158	5
96	163	20
96	164	13
96	166	10
96	170	16
96	171	20
96	181	17
96	183	9
96	184	20
96	193	1
96	199	14
96	200	17
97	1	7
97	6	14
97	12	5
97	13	18
97	14	11
97	18	17
97	37	1
97	47	7
97	49	7
97	52	2
97	55	12
97	61	2
97	67	6
97	70	2
97	73	16
97	77	5
97	78	8
97	86	8
97	92	17
97	94	9
97	96	19
97	98	3
97	102	6
97	108	10
97	113	19
97	117	13
97	127	8
97	130	6
97	137	1
97	142	16
97	146	3
97	147	18
97	149	19
97	150	12
97	154	14
97	158	4
97	169	1
97	177	18
97	178	18
97	180	5
97	182	13
97	184	12
97	185	12
97	190	18
97	192	9
97	197	16
98	5	20
98	8	5
98	12	14
98	25	13
98	27	10
98	28	5
98	31	2
98	37	10
98	40	20
98	43	3
98	44	13
98	49	10
98	51	17
98	53	7
98	73	15
98	75	10
98	78	17
98	82	14
98	84	3
98	94	8
98	97	20
98	99	2
98	103	16
98	104	11
98	105	1
98	110	3
98	111	7
98	115	14
98	130	12
98	131	16
98	140	19
98	147	18
98	150	2
98	156	6
98	162	10
98	175	14
98	190	20
98	193	18
98	198	9
98	200	18
99	8	17
99	10	7
99	16	11
99	20	20
99	31	18
99	33	1
99	36	18
99	41	19
99	43	19
99	45	12
99	46	11
99	51	20
99	59	6
99	63	13
99	66	8
99	69	1
99	75	9
99	82	2
99	84	17
99	85	17
99	88	20
99	91	9
99	98	9
99	100	6
99	101	9
99	103	16
99	113	20
99	119	2
99	123	11
99	129	2
99	132	8
99	135	4
99	137	11
99	142	14
99	146	6
99	159	17
99	164	5
99	165	13
99	166	9
99	167	11
99	169	1
99	171	14
99	173	9
99	174	12
99	176	16
99	181	17
99	183	2
99	184	20
99	186	1
99	193	8
99	194	11
100	8	15
100	10	3
100	19	3
100	23	7
100	26	13
100	34	3
100	39	15
100	41	8
100	43	16
100	44	8
100	49	3
100	52	18
100	55	3
100	57	10
100	58	8
100	59	13
100	63	13
100	66	1
100	70	5
100	72	3
100	77	6
100	80	20
100	81	13
100	85	5
100	87	17
100	89	17
100	91	14
100	98	8
100	99	28
100	101	6
100	103	6
100	113	4
100	118	5
100	119	14
100	121	1
100	123	15
100	132	10
100	142	10
100	144	18
100	147	18
100	151	4
100	152	12
100	154	20
100	157	8
100	161	9
100	167	4
100	172	8
100	175	6
100	179	16
100	183	10
100	185	2
100	193	14
100	197	17
101	12	12
101	17	6
101	18	10
101	26	20
101	29	6
101	42	15
101	45	6
101	54	16
101	67	20
101	70	18
101	74	16
101	75	7
101	81	16
101	83	6
101	100	8
101	102	2
101	115	19
101	122	15
101	130	1
101	136	4
101	149	16
101	153	17
101	154	7
101	158	9
101	163	15
101	165	14
101	166	10
101	168	11
101	169	16
101	172	2
101	174	4
101	178	5
101	179	15
101	183	3
101	195	3
101	197	15
101	199	11
101	200	6
102	5	7
102	12	14
102	16	19
102	28	13
102	37	12
102	39	17
102	41	20
102	50	2
102	53	11
102	64	2
102	66	11
102	71	5
102	74	12
102	76	5
102	78	11
102	84	1
102	85	2
102	88	13
102	90	3
102	92	20
102	99	17
102	100	10
102	101	14
102	103	12
102	115	17
102	116	11
102	119	15
102	124	17
102	125	5
102	132	16
102	142	9
102	145	20
102	147	20
102	153	19
102	158	18
102	162	13
102	168	16
102	169	16
102	171	5
102	175	18
102	177	20
102	178	5
102	196	16
102	197	19
102	200	20
103	2	14
103	4	18
103	9	10
103	18	12
103	25	17
103	39	6
103	42	11
103	43	11
103	50	13
103	62	2
103	65	20
103	70	17
103	72	16
103	74	8
103	81	13
103	83	14
103	90	12
103	94	16
103	99	3
103	102	20
103	104	28
103	107	18
103	111	6
103	112	10
103	115	6
103	124	9
103	126	6
103	132	11
103	133	20
103	139	1
103	142	14
103	147	14
103	153	10
103	154	10
103	173	18
103	175	15
103	193	13
103	198	10
103	199	19
104	1	8
104	2	17
104	6	9
104	7	2
104	11	7
104	15	11
104	19	9
104	20	2
104	29	7
104	31	2
104	36	3
104	37	17
104	40	3
104	42	14
104	43	3
104	47	8
104	50	11
104	55	18
104	58	11
104	60	4
104	62	7
104	64	14
104	65	5
104	76	7
104	78	1
104	79	20
104	80	18
104	84	1
104	85	20
104	87	7
104	88	4
104	93	18
104	95	19
104	100	7
104	102	1
104	103	4
104	105	6
104	107	16
104	109	1
104	111	18
104	117	10
104	125	7
104	132	10
104	135	14
104	148	6
104	151	16
104	158	3
104	159	20
104	165	2
104	167	2
104	169	19
104	170	1
104	172	1
104	173	12
104	184	13
104	199	13
105	4	17
105	6	3
105	25	14
105	27	1
105	29	2
105	31	17
105	38	9
105	41	1
105	48	3
105	49	6
105	53	5
105	57	16
105	58	12
105	59	13
105	64	7
105	72	18
105	73	12
105	75	4
105	78	9
105	87	10
105	89	19
105	102	14
105	104	5
105	106	24
105	110	3
105	111	10
105	114	20
105	118	18
105	119	18
105	123	10
105	127	12
105	128	1
105	133	10
105	146	1
105	152	8
105	159	5
105	162	9
105	165	19
105	167	18
105	169	1
105	170	5
105	184	4
105	189	3
105	191	9
105	194	2
105	197	16
106	3	9
106	6	3
106	12	17
106	16	3
106	18	5
106	21	8
106	24	4
106	25	3
106	37	17
106	39	20
106	45	6
106	49	7
106	58	2
106	63	9
106	64	15
106	67	10
106	73	18
106	80	8
106	85	7
106	88	7
106	92	5
106	93	14
106	94	20
106	100	10
106	101	18
106	105	4
106	107	14
106	113	16
106	119	5
106	123	9
106	129	17
106	135	1
106	136	11
106	137	1
106	139	2
106	146	8
106	155	9
106	156	1
106	164	15
106	166	19
106	167	7
106	169	16
106	177	16
106	180	16
106	185	2
106	188	4
106	193	6
106	194	8
106	200	18
107	2	5
107	7	12
107	8	5
107	13	6
107	15	4
107	17	9
107	25	14
107	28	18
107	33	19
107	38	9
107	39	19
107	44	6
107	49	2
107	52	8
107	53	15
107	55	9
107	63	13
107	69	9
107	76	11
107	77	7
107	78	3
107	80	18
107	88	12
107	89	16
107	95	14
107	97	2
107	99	18
107	102	12
107	105	12
107	106	16
107	108	16
107	113	6
107	116	2
107	121	11
107	128	5
107	131	14
107	133	6
107	134	18
107	138	5
107	142	19
107	143	5
107	146	6
107	154	5
107	156	6
107	159	2
107	161	17
107	163	1
107	170	1
107	182	11
107	184	2
107	190	18
107	192	20
107	196	5
107	197	10
107	198	3
108	6	4
108	17	12
108	24	15
108	29	8
108	38	5
108	39	18
108	40	7
108	42	1
108	43	5
108	56	9
108	63	5
108	65	7
108	75	12
108	76	20
108	80	2
108	81	4
108	84	7
108	86	20
108	88	19
108	90	16
108	91	14
108	95	16
108	97	4
108	100	8
108	105	19
108	106	12
108	107	4
108	109	9
108	111	16
108	112	5
108	117	15
108	119	10
108	125	15
108	126	18
108	127	4
108	133	9
108	137	1
108	143	13
108	147	11
108	152	16
108	156	8
108	161	1
108	168	9
108	172	9
108	175	14
108	176	18
108	177	11
108	183	1
108	191	2
108	192	9
108	194	16
108	197	6
108	199	6
109	2	19
109	5	7
109	8	17
109	9	18
109	10	2
109	15	11
109	17	11
109	22	2
109	30	11
109	31	12
109	32	3
109	33	1
109	36	5
109	39	1
109	46	8
109	49	9
109	59	11
109	63	11
109	71	4
109	74	10
109	75	15
109	77	11
109	82	15
109	84	19
109	85	12
109	92	16
109	94	15
109	99	8
109	100	14
109	103	2
109	107	5
109	108	4
109	110	13
109	115	14
109	122	7
109	124	16
109	126	6
109	128	20
109	132	8
109	137	20
109	142	2
109	146	16
109	149	13
109	152	8
109	159	13
109	169	4
109	177	14
109	179	16
109	180	8
109	182	15
109	186	17
109	189	18
109	192	8
109	195	11
109	196	3
110	7	5
110	8	15
110	9	18
110	10	7
110	12	8
110	15	4
110	20	1
110	22	14
110	23	15
110	24	7
110	25	18
110	27	4
110	32	18
110	36	4
110	38	16
110	39	11
110	43	14
110	47	19
110	50	15
110	52	12
110	53	16
110	57	16
110	58	8
110	59	11
110	61	19
110	62	11
110	63	15
110	64	6
110	65	7
110	66	16
110	70	1
110	73	7
110	79	18
110	82	18
110	84	4
110	89	18
110	100	19
110	101	18
110	105	8
110	109	3
110	111	3
110	118	10
110	123	8
110	126	9
110	131	5
110	133	3
110	135	10
110	140	2
110	144	8
110	147	7
110	148	9
110	154	11
110	156	17
110	164	1
110	165	12
110	175	3
110	177	12
110	184	2
110	187	13
110	190	15
110	191	11
110	198	12
111	9	10
111	12	16
111	13	7
111	19	16
111	20	12
111	31	9
111	35	10
111	37	14
111	38	10
111	46	9
111	49	7
111	50	10
111	54	8
111	56	1
111	58	11
111	63	10
111	65	5
111	73	17
111	74	17
111	77	13
111	79	1
111	82	9
111	93	1
111	95	19
111	99	7
111	100	18
111	103	13
111	104	20
111	110	2
111	112	4
111	118	19
111	124	5
111	152	15
111	168	20
111	170	4
111	171	7
111	173	2
111	174	18
111	179	6
111	182	19
111	183	15
111	186	17
111	187	7
111	188	5
111	189	16
111	198	18
112	6	10
112	15	18
112	21	7
112	22	4
112	24	16
112	28	9
112	29	10
112	30	9
112	35	10
112	37	13
112	39	9
112	40	8
112	42	3
112	46	6
112	59	4
112	62	5
112	63	10
112	77	11
112	82	10
112	86	6
112	91	11
112	95	20
112	98	5
112	109	13
112	110	8
112	111	16
112	113	3
112	116	20
112	121	1
112	123	7
112	139	1
112	141	14
112	142	15
112	146	7
112	150	4
112	154	20
112	155	12
112	159	18
112	164	8
112	165	6
112	171	15
112	172	2
112	179	11
112	187	10
112	189	10
112	193	7
112	194	5
112	196	6
112	197	15
112	198	11
113	3	14
113	9	8
113	11	20
113	16	13
113	23	9
113	30	12
113	31	5
113	32	10
113	33	17
113	35	12
113	41	18
113	43	15
113	45	19
113	51	6
113	56	13
113	69	9
113	81	11
113	84	14
113	90	8
113	94	1
113	100	7
113	101	16
113	110	11
113	112	18
113	114	16
113	115	2
113	122	1
113	128	16
113	130	19
113	132	13
113	137	10
113	153	10
113	156	16
113	158	5
113	162	14
113	164	20
113	167	19
113	168	11
113	170	6
113	173	16
113	175	11
113	176	16
113	177	19
113	178	13
113	183	10
113	185	18
114	3	12
114	5	9
114	18	4
114	19	13
114	24	14
114	28	9
114	32	9
114	34	19
114	41	6
114	43	3
114	58	20
114	59	8
114	70	11
114	71	13
114	76	20
114	78	12
114	85	19
114	88	8
114	93	20
114	95	10
114	102	5
114	105	7
114	107	1
114	113	9
114	115	5
114	117	20
114	123	14
114	130	15
114	138	19
114	139	11
114	145	5
114	146	10
114	148	12
114	155	6
114	156	6
114	159	16
114	162	3
114	163	4
114	167	7
114	171	17
114	175	12
114	178	12
114	179	19
114	181	1
114	182	6
114	185	3
114	190	13
114	196	2
115	3	20
115	5	12
115	11	17
115	17	18
115	18	10
115	20	18
115	21	3
115	22	16
115	29	12
115	31	7
115	44	11
115	49	8
115	51	15
115	61	10
115	62	20
115	65	3
115	67	16
115	68	19
115	78	12
115	98	5
115	101	12
115	102	3
115	107	1
115	110	10
115	114	17
115	116	6
115	119	9
115	122	8
115	129	11
115	130	3
115	132	2
115	135	10
115	138	16
115	146	13
115	150	16
115	154	8
115	155	19
115	160	12
115	165	20
115	168	12
115	173	8
115	176	1
115	177	2
115	178	3
115	185	1
115	186	3
115	188	19
115	197	10
115	199	2
115	200	3
116	3	11
116	4	13
116	5	20
116	7	5
116	14	9
116	17	16
116	19	3
116	20	6
116	26	18
116	27	18
116	40	13
116	42	10
116	43	3
116	50	9
116	51	9
116	52	6
116	53	4
116	55	7
116	57	15
116	59	14
116	60	7
116	61	7
116	68	14
116	73	18
116	79	13
116	80	9
116	92	13
116	96	17
116	102	9
116	104	1
116	106	11
116	107	7
116	111	7
116	115	16
116	117	8
116	118	4
116	123	14
116	127	14
116	128	5
116	137	15
116	150	3
116	153	4
116	156	4
116	159	16
116	160	3
116	162	16
116	165	19
116	169	19
116	174	9
116	177	3
116	180	10
116	191	18
116	194	20
116	198	5
116	200	12
117	10	4
117	14	10
117	20	4
117	23	6
117	24	16
117	28	19
117	29	1
117	35	13
117	41	3
117	44	20
117	45	7
117	46	2
117	47	13
117	54	10
117	64	15
117	65	2
117	66	14
117	67	6
117	70	11
117	72	13
117	76	14
117	77	12
117	79	18
117	80	1
117	83	8
117	86	12
117	87	17
117	89	10
117	93	6
117	107	2
117	108	17
117	114	15
117	116	20
117	118	1
117	120	16
117	124	3
117	133	9
117	143	11
117	148	16
117	151	20
117	152	9
117	153	20
117	154	19
117	160	18
117	162	20
117	165	10
117	170	7
117	171	14
117	174	14
117	179	12
117	185	1
117	189	8
117	190	18
117	191	1
117	194	3
117	195	8
117	198	4
118	9	20
118	10	3
118	12	3
118	17	17
118	20	9
118	25	19
118	26	3
118	28	3
118	30	4
118	31	13
118	33	1
118	39	14
118	43	14
118	45	6
118	49	8
118	56	14
118	59	13
118	62	1
118	71	1
118	75	11
118	77	16
118	79	2
118	81	7
118	85	6
118	86	5
118	97	2
118	105	9
118	112	16
118	117	18
118	119	40
118	120	8
118	121	17
118	124	2
118	125	9
118	131	5
118	138	20
118	140	12
118	143	5
118	144	7
118	149	10
118	153	9
118	173	1
118	177	2
118	178	11
118	180	5
118	182	13
118	186	6
118	187	20
118	189	4
118	190	9
118	191	4
118	192	18
118	200	8
119	7	9
119	9	10
119	11	6
119	16	14
119	18	16
119	22	11
119	23	11
119	27	1
119	29	16
119	31	4
119	33	8
119	36	3
119	37	3
119	39	15
119	46	7
119	47	1
119	54	2
119	58	1
119	62	5
119	67	11
119	68	5
119	83	2
119	88	19
119	96	5
119	101	6
119	104	8
119	106	3
119	107	16
119	118	14
119	120	24
119	121	3
119	122	4
119	123	5
119	135	20
119	137	3
119	150	9
119	155	5
119	156	14
119	160	3
119	162	7
119	170	13
119	175	19
119	180	15
119	181	13
119	183	14
119	187	16
119	188	16
119	190	7
119	193	16
119	200	18
120	4	12
120	6	14
120	10	2
120	12	14
120	13	2
120	21	20
120	24	8
120	28	16
120	29	2
120	49	3
120	61	17
120	62	15
120	64	12
120	67	16
120	72	17
120	73	13
120	74	17
120	75	17
120	88	13
120	89	10
120	93	19
120	94	5
120	96	6
120	98	1
120	108	20
120	113	18
120	119	10
120	121	8
120	123	8
120	134	9
120	135	5
120	144	8
120	147	6
120	148	11
120	150	20
120	154	12
120	155	20
120	156	1
120	157	8
120	158	13
120	159	1
120	161	17
120	165	16
120	167	18
120	170	17
120	176	13
120	178	10
120	180	4
120	184	4
120	190	3
120	194	8
120	200	6
121	2	4
121	3	8
121	5	9
121	8	7
121	9	13
121	10	3
121	16	5
121	20	17
121	21	10
121	27	5
121	34	1
121	38	20
121	42	3
121	53	17
121	55	5
121	56	17
121	63	11
121	65	3
121	70	17
121	73	13
121	79	15
121	84	14
121	92	14
121	93	4
121	97	19
121	105	3
121	106	18
121	108	11
121	109	11
121	120	3
121	122	14
121	139	19
121	142	1
121	144	1
121	147	11
121	150	9
121	152	1
121	154	5
121	160	2
121	162	1
121	163	20
121	164	2
121	165	7
121	166	3
121	173	6
121	176	20
121	177	18
121	184	13
121	187	3
121	197	1
121	198	17
122	5	6
122	14	20
122	15	20
122	19	12
122	45	16
122	49	16
122	52	17
122	53	1
122	65	17
122	66	1
122	77	7
122	78	2
122	80	8
122	84	1
122	85	7
122	87	1
122	93	12
122	96	5
122	106	19
122	118	6
122	119	15
122	120	18
122	121	11
122	123	5
122	128	7
122	143	16
122	145	15
122	148	8
122	149	16
122	150	6
122	166	17
122	167	2
122	173	6
122	176	13
122	177	20
122	178	12
122	184	10
122	185	12
122	186	15
122	189	8
122	191	9
122	196	12
122	199	9
123	3	19
123	31	4
123	35	11
123	40	7
123	49	9
123	51	13
123	55	19
123	59	2
123	72	5
123	74	12
123	77	8
123	78	3
123	80	8
123	97	3
123	101	10
123	102	20
123	110	11
123	116	20
123	119	4
123	120	14
123	122	30
123	124	18
123	126	6
123	127	20
123	138	16
123	143	3
123	144	16
123	148	12
123	154	15
123	170	12
123	173	6
123	175	1
123	177	11
123	180	5
123	181	8
123	182	15
123	183	17
123	185	7
123	187	4
123	188	19
123	189	15
124	7	10
124	9	8
124	10	10
124	13	17
124	16	10
124	19	11
124	24	6
124	27	14
124	29	2
124	32	18
124	35	14
124	45	18
124	50	15
124	53	15
124	63	9
124	66	1
124	70	9
124	76	9
124	77	12
124	78	8
124	82	16
124	96	16
124	105	13
124	111	15
124	114	16
124	116	8
124	123	14
124	125	40
124	130	11
124	134	4
124	135	3
124	136	1
124	140	18
124	141	18
124	146	5
124	150	18
124	159	12
124	162	17
124	170	14
124	178	19
124	189	7
124	190	16
124	193	18
124	197	14
124	198	16
125	2	3
125	6	14
125	7	13
125	10	14
125	14	8
125	16	3
125	19	20
125	22	18
125	34	12
125	35	8
125	42	20
125	44	20
125	47	4
125	51	8
125	60	7
125	64	12
125	70	18
125	72	17
125	73	19
125	87	20
125	88	20
125	91	1
125	99	3
125	105	7
125	106	6
125	110	20
125	119	17
125	120	6
125	124	11
125	126	14
125	133	15
125	142	17
125	147	6
125	148	14
125	153	4
125	154	11
125	158	7
125	161	7
125	162	4
125	173	13
125	174	18
125	178	1
125	182	19
125	186	4
125	196	7
125	197	14
125	199	13
126	4	14
126	5	8
126	10	1
126	11	7
126	18	7
126	32	8
126	33	4
126	36	4
126	40	1
126	46	19
126	51	3
126	55	6
126	56	17
126	59	20
126	60	10
126	61	5
126	68	10
126	70	14
126	71	5
126	75	2
126	76	5
126	78	5
126	81	18
126	86	19
126	95	6
126	96	9
126	99	5
126	106	11
126	107	3
126	114	20
126	120	8
126	124	18
126	125	26
126	127	6
126	134	10
126	139	5
126	140	13
126	144	7
126	147	8
126	153	15
126	159	3
126	160	3
126	167	8
126	169	3
126	171	6
126	174	5
126	177	12
126	180	11
126	192	17
126	195	1
127	10	15
127	19	1
127	27	6
127	33	14
127	37	20
127	40	19
127	41	6
127	42	9
127	43	12
127	49	1
127	53	5
127	59	5
127	62	20
127	66	15
127	67	3
127	68	9
127	69	12
127	72	19
127	74	7
127	75	16
127	79	13
127	82	14
127	87	4
127	92	5
127	99	8
127	102	3
127	104	17
127	106	13
127	108	12
127	109	6
127	117	15
127	126	12
127	128	9
127	134	14
127	136	18
127	137	19
127	138	20
127	150	14
127	155	19
127	156	16
127	158	20
127	164	2
127	168	2
127	172	14
127	175	15
127	180	7
127	185	6
127	186	1
127	193	17
127	194	6
128	5	3
128	9	1
128	11	5
128	15	1
128	18	2
128	20	5
128	25	13
128	27	9
128	33	13
128	39	10
128	40	16
128	42	7
128	43	4
128	48	19
128	49	12
128	50	13
128	56	6
128	58	14
128	59	20
128	72	12
128	74	4
128	81	3
128	87	16
128	92	19
128	94	3
128	95	18
128	99	7
128	100	4
128	102	7
128	105	6
128	108	10
128	110	7
128	120	13
128	121	17
128	127	32
128	129	8
128	131	11
128	133	6
128	135	4
128	141	11
128	142	2
128	151	8
128	152	12
128	154	8
128	155	14
128	170	18
128	176	1
128	177	14
128	180	3
128	186	15
128	198	2
129	16	17
129	20	15
129	22	16
129	23	5
129	24	14
129	26	19
129	32	3
129	36	14
129	43	9
129	45	4
129	55	8
129	59	11
129	63	7
129	66	6
129	69	14
129	73	12
129	74	12
129	84	15
129	85	15
129	88	12
129	90	10
129	93	20
129	94	17
129	96	12
129	103	15
129	105	4
129	107	14
129	109	15
129	120	9
129	123	16
129	126	18
129	128	1
129	130	38
129	134	1
129	135	20
129	139	4
129	144	3
129	145	2
129	150	20
129	162	5
129	163	14
129	170	6
129	174	1
129	180	8
129	189	10
129	196	18
130	3	16
130	4	17
130	5	1
130	19	14
130	26	5
130	29	13
130	32	11
130	39	17
130	44	3
130	45	18
130	46	1
130	47	4
130	50	20
130	51	16
130	53	16
130	58	7
130	60	2
130	62	20
130	66	17
130	71	14
130	72	5
130	73	10
130	80	8
130	82	5
130	92	16
130	96	19
130	98	10
130	103	16
130	105	3
130	111	5
130	112	3
130	121	19
130	122	12
130	124	4
130	125	13
130	127	20
130	128	19
130	129	5
130	131	14
130	134	11
130	142	11
130	143	16
130	145	7
130	154	15
130	159	20
130	165	6
130	166	10
130	167	13
130	178	12
130	184	11
130	192	4
130	195	14
130	196	9
130	197	20
131	3	8
131	9	16
131	16	9
131	18	5
131	19	8
131	26	7
131	45	2
131	50	9
131	57	11
131	61	12
131	65	5
131	68	12
131	70	14
131	72	8
131	75	4
131	84	15
131	89	20
131	90	18
131	92	16
131	97	1
131	105	17
131	111	15
131	112	7
131	118	11
131	119	1
131	124	7
131	125	1
131	130	7
131	132	2
131	134	9
131	135	3
131	136	19
131	140	6
131	143	16
131	146	5
131	147	14
131	149	18
131	150	12
131	151	3
131	155	4
131	157	19
131	158	17
131	160	2
131	163	18
131	166	2
131	168	9
131	169	6
131	174	20
131	182	3
131	184	20
131	187	15
131	188	16
131	191	17
131	192	13
131	198	3
132	4	16
132	8	2
132	11	14
132	16	16
132	18	9
132	24	10
132	33	11
132	43	10
132	44	13
132	45	3
132	58	20
132	59	13
132	77	18
132	78	16
132	81	20
132	83	8
132	84	19
132	86	4
132	96	14
132	106	6
132	116	15
132	117	17
132	120	5
132	124	20
132	129	2
132	131	7
132	133	14
132	140	17
132	148	14
132	152	14
132	162	4
132	163	9
132	164	19
132	168	10
132	169	7
132	171	18
132	177	11
132	199	11
133	9	10
133	24	19
133	26	15
133	29	11
133	33	18
133	34	12
133	37	4
133	39	1
133	43	20
133	44	6
133	47	9
133	60	16
133	70	5
133	71	2
133	72	18
133	73	15
133	75	19
133	78	13
133	84	12
133	90	13
133	94	16
133	108	11
133	110	17
133	121	1
133	122	4
133	125	13
133	130	6
133	132	15
133	134	9
133	135	11
133	142	8
133	146	19
133	147	6
133	149	5
133	154	11
133	169	7
133	173	10
133	177	19
133	183	10
133	187	19
133	200	18
134	1	11
134	2	7
134	4	2
134	7	2
134	9	20
134	14	17
134	18	14
134	24	1
134	34	19
134	42	19
134	64	7
134	75	12
134	77	12
134	78	15
134	79	17
134	80	1
134	82	16
134	84	4
134	89	1
134	94	11
134	108	7
134	109	1
134	120	19
134	125	2
134	126	10
134	131	14
134	133	17
134	135	18
134	136	4
134	137	10
134	141	17
134	142	3
134	145	16
134	146	3
134	148	4
134	151	8
134	155	10
134	157	20
134	160	14
134	165	15
134	166	10
134	172	3
134	174	2
134	175	20
134	177	1
134	178	13
134	185	18
134	190	6
134	194	19
134	197	18
134	200	16
135	10	2
135	11	18
135	17	5
135	22	5
135	26	8
135	28	19
135	34	15
135	46	11
135	47	6
135	50	13
135	54	2
135	59	11
135	62	3
135	71	8
135	73	20
135	75	5
135	79	17
135	80	8
135	82	9
135	84	16
135	86	18
135	88	17
135	89	7
135	90	18
135	91	8
135	93	14
135	95	10
135	96	1
135	108	3
135	115	10
135	118	3
135	120	2
135	133	20
135	134	40
135	136	17
135	140	9
135	143	7
135	147	17
135	153	12
135	154	8
135	161	6
135	169	10
135	192	18
135	195	13
135	196	4
136	5	16
136	11	15
136	19	4
136	29	3
136	32	16
136	36	2
136	47	16
136	48	14
136	52	6
136	55	18
136	57	8
136	60	11
136	69	2
136	73	19
136	78	14
136	80	2
136	85	9
136	87	8
136	92	3
136	93	19
136	99	18
136	108	12
136	117	9
136	125	13
136	126	9
136	129	18
136	131	1
136	132	5
136	134	3
136	135	14
136	137	30
136	147	9
136	150	17
136	152	1
136	153	16
136	155	3
136	157	10
136	161	10
136	166	16
136	174	7
136	177	18
136	179	16
136	185	20
136	189	16
136	199	15
137	2	17
137	3	12
137	10	5
137	18	9
137	19	3
137	20	20
137	28	3
137	35	12
137	42	18
137	46	15
137	50	8
137	51	14
137	55	11
137	57	9
137	60	20
137	64	2
137	65	20
137	68	12
137	75	17
137	83	4
137	88	14
137	90	1
137	97	13
137	99	10
137	100	6
137	105	8
137	110	9
137	111	1
137	112	13
137	124	7
137	126	1
137	134	14
137	135	20
137	136	14
137	138	17
137	139	17
137	145	13
137	146	1
137	148	12
137	150	4
137	153	15
137	157	6
137	160	17
137	161	15
137	162	16
137	164	16
137	165	5
137	168	16
137	169	1
137	180	5
137	184	9
137	185	8
137	187	9
137	189	19
137	194	1
137	199	12
138	1	8
138	5	14
138	7	12
138	13	9
138	19	17
138	36	4
138	39	2
138	46	20
138	61	7
138	64	5
138	68	7
138	75	20
138	78	3
138	79	14
138	82	10
138	85	12
138	95	12
138	96	8
138	100	11
138	104	13
138	107	4
138	108	5
138	111	8
138	117	13
138	118	17
138	124	11
138	133	16
138	137	3
138	139	6
138	150	5
138	154	4
138	157	16
138	158	13
138	161	13
138	163	7
138	165	14
138	166	3
138	170	8
138	171	9
138	172	19
138	176	6
138	177	3
138	181	10
138	182	14
138	189	1
138	190	20
139	6	17
139	9	19
139	16	17
139	18	5
139	20	3
139	26	10
139	32	4
139	35	8
139	37	8
139	42	14
139	48	2
139	55	6
139	59	20
139	60	11
139	72	13
139	83	6
139	87	12
139	88	17
139	94	8
139	95	5
139	107	7
139	109	17
139	111	9
139	112	2
139	133	7
139	134	13
139	135	9
139	138	6
139	140	6
139	142	19
139	145	2
139	147	16
139	148	19
139	149	17
139	153	9
139	155	2
139	158	19
139	166	18
139	167	6
139	170	6
139	172	18
139	173	14
139	178	16
139	180	1
139	185	14
139	188	13
139	190	19
139	194	5
139	196	7
139	200	2
140	5	10
140	9	2
140	10	9
140	21	3
140	22	14
140	23	5
140	25	16
140	27	8
140	29	8
140	30	1
140	31	18
140	32	14
140	38	15
140	39	2
140	40	1
140	43	8
140	51	19
140	52	11
140	53	15
140	57	17
140	58	11
140	65	15
140	67	9
140	70	8
140	83	8
140	92	20
140	96	7
140	97	20
140	98	9
140	99	7
140	100	3
140	105	20
140	121	4
140	130	16
140	137	8
140	139	4
140	141	8
140	145	20
140	146	12
140	150	20
140	152	5
140	154	6
140	155	16
140	157	4
140	159	17
140	163	10
140	165	1
140	171	1
140	178	5
140	185	20
140	186	7
140	187	19
140	188	5
140	189	13
140	190	10
140	194	14
140	195	19
140	196	1
141	10	7
141	11	11
141	14	8
141	16	9
141	17	4
141	18	17
141	22	1
141	26	15
141	32	1
141	34	2
141	37	15
141	40	4
141	41	15
141	42	14
141	44	16
141	45	8
141	46	13
141	47	13
141	49	8
141	51	13
141	56	10
141	57	2
141	72	4
141	74	12
141	78	17
141	84	13
141	87	19
141	90	19
141	97	18
141	98	6
141	100	9
141	106	16
141	107	9
141	112	2
141	119	2
141	122	1
141	128	19
141	140	1
141	142	16
141	148	9
141	150	10
141	153	7
141	162	14
141	165	20
141	169	14
141	172	19
141	175	2
141	182	15
141	195	20
141	196	8
141	197	17
142	2	6
142	3	16
142	8	14
142	9	1
142	10	5
142	12	1
142	18	19
142	19	14
142	23	18
142	26	20
142	27	4
142	31	5
142	32	9
142	34	5
142	38	10
142	43	14
142	44	7
142	48	12
142	58	8
142	59	15
142	62	16
142	63	15
142	65	18
142	68	4
142	70	8
142	73	16
142	74	18
142	80	13
142	81	16
142	82	15
142	83	19
142	85	19
142	88	1
142	92	2
142	93	13
142	95	2
142	97	8
142	102	17
142	103	6
142	107	15
142	111	16
142	116	10
142	121	6
142	123	3
142	124	8
142	129	10
142	130	8
142	134	6
142	136	20
142	141	10
142	143	11
142	154	13
142	155	10
142	158	15
142	160	20
142	165	3
142	166	14
142	168	17
142	170	7
142	183	17
142	185	4
142	186	6
142	188	11
142	189	17
142	191	8
142	193	10
142	200	17
143	2	16
143	5	4
143	11	5
143	12	20
143	13	16
143	15	8
143	23	19
143	25	3
143	29	8
143	31	19
143	35	4
143	37	17
143	39	16
143	40	9
143	43	15
143	49	1
143	50	4
143	51	12
143	55	5
143	57	16
143	61	16
143	71	3
143	72	11
143	79	16
143	82	15
143	89	19
143	90	5
143	93	1
143	96	18
143	99	14
143	101	2
143	103	9
143	108	4
143	110	17
143	122	9
143	125	3
143	128	1
143	132	19
143	141	4
143	142	15
143	144	20
143	149	6
143	151	4
143	157	11
143	160	1
143	170	8
143	178	6
143	180	14
143	181	17
143	183	14
143	184	14
143	185	3
143	188	7
143	191	5
143	195	15
144	4	4
144	8	3
144	14	3
144	29	15
144	34	14
144	37	6
144	42	19
144	46	10
144	47	10
144	53	7
144	62	9
144	73	1
144	74	17
144	80	14
144	82	18
144	83	6
144	85	13
144	91	6
144	93	12
144	95	18
144	96	18
144	97	16
144	110	11
144	113	7
144	115	11
144	121	7
144	123	11
144	127	11
144	129	10
144	130	8
144	131	19
144	135	10
144	141	16
144	142	13
144	143	13
144	145	18
144	147	3
144	148	19
144	149	2
144	150	9
144	153	12
144	156	18
144	158	8
144	163	9
144	166	3
144	170	16
144	173	2
144	175	12
144	177	18
144	180	6
144	181	1
144	183	14
144	186	8
144	190	13
144	191	9
144	193	16
145	2	14
145	6	6
145	10	15
145	22	11
145	24	17
145	26	9
145	27	5
145	29	9
145	32	19
145	40	7
145	44	14
145	53	2
145	56	6
145	59	15
145	61	4
145	62	14
145	65	2
145	69	12
145	71	20
145	72	5
145	78	5
145	79	12
145	81	12
145	82	18
145	86	14
145	88	1
145	97	9
145	100	2
145	101	14
145	104	15
145	106	19
145	107	1
145	110	3
145	112	10
145	122	15
145	133	3
145	136	2
145	141	12
145	143	11
145	144	16
145	146	32
145	147	17
145	151	7
145	155	5
145	159	15
145	169	17
145	170	6
145	175	1
145	180	10
145	188	2
145	194	1
145	195	19
146	3	7
146	7	11
146	12	6
146	17	15
146	20	17
146	25	20
146	32	12
146	37	17
146	40	1
146	41	2
146	42	17
146	44	3
146	45	16
146	46	18
146	47	12
146	50	19
146	53	18
146	56	11
146	58	14
146	68	3
146	69	19
146	71	8
146	72	17
146	77	10
146	79	11
146	80	13
146	81	6
146	82	10
146	88	7
146	96	4
146	100	19
146	110	7
146	123	11
146	125	11
146	126	12
146	133	20
146	139	15
146	144	20
146	145	8
146	147	13
146	150	5
146	155	20
146	158	2
146	161	13
146	167	18
146	175	9
146	176	20
146	177	3
146	182	12
146	184	16
146	186	17
146	187	1
146	188	5
146	191	16
146	192	18
147	8	16
147	12	15
147	18	20
147	20	14
147	21	13
147	23	3
147	29	3
147	34	11
147	36	17
147	37	3
147	39	8
147	40	7
147	49	18
147	53	7
147	54	7
147	62	17
147	67	9
147	71	13
147	81	6
147	83	19
147	84	2
147	87	10
147	88	20
147	93	2
147	95	9
147	102	5
147	108	8
147	111	15
147	113	6
147	119	11
147	125	15
147	128	11
147	129	19
147	130	2
147	134	12
147	138	7
147	143	12
147	145	18
147	146	14
147	148	2
147	151	17
147	152	16
147	156	5
147	163	8
147	173	5
147	174	1
147	178	18
147	179	3
147	184	5
147	186	17
147	191	13
147	193	17
147	197	4
148	1	15
148	4	17
148	6	13
148	14	17
148	15	18
148	20	4
148	22	14
148	24	12
148	30	17
148	46	9
148	57	19
148	59	15
148	65	20
148	72	11
148	77	6
148	78	3
148	79	9
148	84	14
148	87	17
148	90	1
148	98	11
148	104	5
148	111	13
148	112	19
148	115	3
148	116	2
148	122	14
148	129	9
148	135	10
148	136	10
148	138	16
148	139	3
148	143	20
148	144	1
148	145	11
148	147	14
148	149	16
148	153	18
148	154	3
148	156	1
148	159	9
148	160	8
148	161	13
148	167	7
148	173	3
148	176	19
148	177	18
148	180	11
148	181	4
148	184	9
148	187	6
148	188	11
148	191	15
148	193	7
148	194	7
148	196	15
149	9	17
149	15	2
149	20	11
149	26	11
149	43	9
149	45	12
149	46	11
149	47	4
149	50	7
149	54	12
149	61	20
149	63	19
149	64	8
149	67	19
149	76	20
149	79	11
149	84	17
149	101	8
149	102	7
149	109	16
149	113	2
149	114	3
149	115	13
149	120	16
149	124	4
149	125	3
149	130	17
149	132	5
149	148	6
149	150	18
149	152	12
149	180	17
149	181	1
149	183	3
149	187	19
149	190	14
149	192	4
149	197	13
150	1	17
150	6	5
150	15	17
150	28	18
150	31	10
150	34	13
150	37	8
150	44	3
150	53	11
150	55	5
150	58	5
150	59	2
150	60	11
150	61	15
150	62	12
150	66	4
150	67	8
150	68	12
150	69	16
150	71	18
150	77	1
150	79	16
150	89	12
150	90	14
150	98	16
150	100	5
150	101	7
150	102	6
150	108	1
150	109	5
150	115	7
150	118	15
150	129	9
150	132	16
150	139	10
150	147	20
150	149	40
150	151	15
150	159	8
150	167	4
150	173	9
150	176	1
150	177	11
150	180	20
150	182	20
150	189	12
150	192	18
151	3	16
151	11	11
151	23	6
151	24	12
151	26	15
151	27	17
151	37	5
151	41	15
151	47	20
151	50	3
151	55	4
151	56	8
151	59	19
151	62	15
151	70	7
151	71	3
151	72	1
151	77	20
151	82	19
151	84	11
151	97	20
151	99	7
151	102	11
151	103	18
151	104	11
151	113	9
151	115	7
151	117	16
151	120	1
151	124	19
151	126	17
151	129	14
151	133	4
151	134	5
151	136	19
151	138	17
151	140	8
151	142	20
151	146	12
151	147	2
151	148	11
151	150	11
151	152	20
151	154	2
151	171	3
151	182	3
151	188	4
151	189	18
151	193	14
151	198	1
151	199	9
151	200	6
152	3	3
152	5	4
152	7	12
152	10	19
152	19	5
152	27	15
152	29	4
152	32	5
152	35	2
152	37	12
152	43	1
152	48	10
152	49	20
152	52	20
152	61	17
152	70	20
152	71	14
152	72	1
152	75	3
152	80	16
152	83	18
152	84	14
152	85	16
152	89	6
152	91	6
152	93	16
152	94	5
152	100	18
152	107	15
152	109	13
152	119	19
152	120	11
152	122	5
152	125	19
152	130	18
152	131	6
152	134	15
152	137	13
152	138	10
152	144	1
152	151	20
152	153	9
152	154	7
152	156	12
152	160	2
152	165	20
152	173	2
152	175	17
152	179	10
152	180	9
152	195	18
152	196	20
153	16	7
153	22	17
153	29	3
153	44	2
153	45	5
153	50	13
153	59	17
153	61	4
153	62	5
153	64	11
153	66	18
153	73	13
153	78	9
153	79	18
153	85	1
153	86	16
153	89	10
153	91	3
153	95	20
153	100	20
153	108	20
153	114	8
153	117	5
153	120	17
153	121	6
153	123	11
153	125	9
153	126	16
153	133	10
153	135	15
153	136	14
153	144	1
153	152	20
153	154	1
153	161	9
153	162	1
153	163	15
153	164	16
153	166	20
153	170	11
153	176	15
153	182	4
153	195	12
153	196	12
153	199	2
154	3	9
154	6	15
154	9	20
154	14	2
154	23	20
154	26	12
154	27	7
154	31	10
154	32	13
154	33	4
154	36	7
154	41	18
154	48	7
154	52	18
154	54	14
154	56	11
154	60	3
154	69	4
154	74	8
154	78	14
154	80	6
154	81	6
154	82	17
154	96	15
154	101	6
154	105	4
154	110	15
154	112	17
154	114	6
154	116	16
154	119	14
154	120	7
154	127	10
154	133	11
154	134	20
154	140	3
154	141	6
154	145	9
154	147	9
154	148	11
154	152	14
154	153	20
154	155	2
154	167	13
154	169	12
154	175	20
154	177	7
154	178	4
154	182	16
154	185	10
154	191	15
155	3	14
155	6	11
155	13	8
155	14	3
155	19	7
155	20	5
155	23	16
155	25	13
155	28	20
155	31	9
155	34	18
155	35	1
155	38	13
155	42	1
155	43	3
155	44	19
155	47	5
155	48	8
155	49	16
155	51	4
155	52	7
155	57	18
155	65	10
155	68	17
155	72	19
155	76	15
155	85	10
155	86	9
155	92	9
155	95	20
155	99	11
155	102	7
155	103	7
155	116	15
155	123	12
155	130	10
155	132	15
155	134	18
155	138	11
155	146	2
155	149	5
155	153	14
155	154	18
155	156	16
155	166	1
155	168	13
155	173	10
155	174	3
155	176	15
155	177	17
155	180	10
155	183	3
155	185	17
155	187	10
155	188	4
155	189	4
155	192	6
155	197	14
156	3	1
156	6	20
156	9	13
156	14	5
156	17	9
156	21	7
156	26	12
156	33	15
156	34	2
156	35	12
156	47	17
156	48	13
156	52	17
156	55	12
156	56	5
156	58	1
156	73	15
156	81	11
156	82	6
156	84	11
156	87	12
156	88	19
156	89	7
156	90	13
156	92	6
156	102	6
156	105	17
156	106	8
156	107	13
156	109	2
156	110	16
156	120	18
156	121	17
156	129	15
156	137	1
156	144	7
156	145	16
156	147	1
156	155	17
156	157	8
156	158	1
156	164	8
156	170	3
156	171	3
156	172	2
156	175	19
156	185	1
156	191	16
156	198	19
157	1	20
157	2	4
157	4	1
157	8	15
157	12	12
157	16	17
157	21	18
157	40	4
157	43	7
157	44	19
157	48	16
157	50	2
157	51	2
157	54	3
157	64	9
157	69	3
157	70	1
157	83	8
157	88	12
157	95	5
157	96	9
157	97	16
157	100	4
157	106	16
157	112	20
157	113	16
157	121	18
157	131	15
157	133	17
157	134	1
157	138	20
157	139	1
157	153	18
157	156	9
157	158	36
157	163	19
157	165	19
157	167	7
157	169	15
157	183	6
157	184	11
157	194	15
157	196	4
158	8	13
158	10	4
158	13	11
158	16	14
158	17	13
158	19	12
158	20	5
158	30	5
158	39	11
158	41	14
158	42	12
158	43	6
158	45	5
158	46	6
158	54	17
158	56	10
158	62	12
158	64	8
158	65	16
158	69	1
158	71	12
158	75	19
158	77	19
158	81	11
158	86	17
158	88	9
158	89	7
158	92	6
158	102	17
158	108	7
158	111	10
158	112	7
158	117	9
158	119	9
158	121	14
158	122	12
158	127	17
158	128	1
158	130	16
158	133	6
158	136	13
158	138	10
158	141	10
158	142	10
158	144	12
158	153	12
158	155	18
158	157	11
158	159	3
158	169	5
158	170	12
158	177	14
158	180	5
158	182	9
158	188	16
158	192	11
158	194	9
158	196	5
159	3	17
159	10	9
159	11	2
159	12	6
159	14	15
159	20	10
159	22	17
159	23	18
159	25	13
159	27	2
159	37	10
159	42	2
159	43	9
159	45	5
159	47	15
159	48	6
159	57	12
159	63	12
159	68	18
159	71	6
159	74	14
159	75	5
159	76	20
159	79	2
159	81	12
159	82	6
159	87	12
159	88	19
159	90	7
159	91	9
159	95	16
159	96	19
159	97	15
159	99	7
159	101	20
159	103	7
159	104	19
159	105	17
159	106	13
159	108	15
159	110	19
159	111	2
159	116	19
159	120	14
159	121	16
159	127	17
159	130	1
159	135	19
159	136	3
159	140	4
159	143	19
159	148	10
159	149	19
159	156	12
159	157	15
159	158	9
159	160	24
159	164	10
159	167	9
159	185	16
159	186	14
159	189	13
159	192	19
159	196	9
159	198	20
159	199	9
160	3	4
160	9	2
160	12	12
160	13	18
160	14	4
160	18	7
160	24	6
160	40	16
160	48	7
160	49	8
160	50	17
160	54	3
160	56	9
160	59	14
160	65	11
160	66	7
160	68	3
160	69	15
160	71	20
160	77	7
160	79	19
160	80	14
160	87	15
160	100	1
160	108	14
160	114	20
160	124	9
160	127	5
160	132	9
160	134	10
160	137	15
160	139	1
160	140	8
160	146	10
160	159	32
160	161	19
160	162	13
160	167	13
160	173	19
160	178	2
160	185	16
160	186	1
160	190	8
160	192	6
160	199	17
161	1	1
161	11	4
161	13	2
161	14	6
161	16	9
161	17	13
161	23	14
161	26	12
161	28	6
161	29	13
161	30	11
161	33	11
161	34	11
161	35	4
161	45	11
161	55	18
161	56	10
161	58	14
161	59	14
161	62	19
161	64	12
161	66	15
161	70	3
161	74	6
161	76	19
161	78	20
161	79	4
161	87	12
161	91	6
161	93	6
161	106	7
161	107	4
161	113	13
161	125	19
161	127	20
161	131	15
161	149	8
161	158	14
161	159	14
161	160	3
161	162	10
161	163	17
161	164	2
161	165	15
161	170	3
161	172	12
161	173	18
161	176	18
161	177	3
161	180	7
161	195	10
162	2	5
162	5	6
162	11	19
162	22	18
162	23	12
162	26	10
162	30	5
162	35	13
162	36	2
162	40	15
162	46	7
162	47	14
162	48	6
162	50	3
162	52	7
162	53	9
162	59	6
162	60	5
162	68	3
162	78	20
162	80	6
162	84	1
162	88	1
162	89	20
162	92	8
162	93	4
162	99	9
162	106	19
162	111	19
162	118	2
162	121	12
162	134	19
162	137	8
162	138	12
162	147	9
162	148	9
162	154	17
162	155	10
162	161	1
162	163	12
162	167	3
162	170	12
162	173	15
162	174	9
162	175	5
162	176	1
162	180	9
162	185	6
162	187	20
162	193	5
162	194	12
162	196	2
163	3	20
163	7	3
163	8	7
163	9	6
163	11	7
163	18	16
163	27	12
163	38	9
163	43	11
163	44	1
163	50	3
163	60	7
163	62	4
163	66	4
163	70	3
163	75	17
163	82	17
163	85	5
163	91	7
163	95	17
163	97	9
163	98	13
163	100	17
163	102	1
163	107	20
163	129	18
163	131	1
163	133	6
163	134	1
163	139	20
163	143	13
163	145	1
163	146	8
163	147	20
163	149	5
163	152	5
163	153	14
163	154	7
163	155	9
163	156	15
163	162	7
163	164	13
163	165	2
163	174	4
163	178	7
163	188	15
163	189	11
163	191	10
163	193	3
163	197	16
164	2	4
164	20	14
164	21	9
164	28	10
164	32	11
164	48	4
164	53	1
164	57	1
164	59	9
164	60	4
164	67	14
164	70	11
164	72	5
164	76	15
164	79	14
164	89	7
164	96	19
164	100	10
164	103	20
164	105	10
164	108	3
164	112	17
164	114	12
164	116	10
164	121	9
164	125	20
164	127	9
164	149	17
164	161	10
164	163	3
164	165	28
164	168	1
164	174	17
164	175	1
164	181	10
164	182	8
164	186	6
164	193	18
164	194	8
164	197	9
165	3	2
165	11	13
165	12	13
165	13	4
165	21	20
165	26	2
165	27	17
165	31	10
165	36	5
165	39	19
165	45	4
165	48	7
165	50	10
165	52	9
165	53	11
165	55	17
165	57	18
165	67	12
165	69	19
165	74	16
165	86	13
165	93	17
165	98	6
165	102	19
165	104	12
165	107	4
165	108	20
165	115	10
165	121	12
165	123	14
165	128	19
165	133	6
165	135	3
165	144	7
165	151	4
165	153	8
165	157	8
165	160	2
165	164	9
165	166	3
165	168	18
165	169	13
165	170	20
165	178	3
165	183	6
165	188	14
165	190	7
165	191	4
165	196	19
165	200	16
166	1	5
166	6	17
166	7	17
166	12	2
166	18	8
166	19	3
166	28	4
166	30	4
166	36	7
166	38	20
166	41	5
166	47	6
166	52	3
166	57	12
166	75	12
166	81	7
166	90	6
166	96	3
166	100	9
166	112	12
166	118	1
166	121	3
166	123	15
166	128	18
166	129	3
166	133	10
166	135	16
166	136	19
166	138	11
166	139	8
166	145	20
166	146	14
166	159	11
166	160	8
166	164	1
166	165	6
166	167	1
166	172	16
166	173	3
166	174	15
166	175	19
166	177	14
166	184	7
166	185	13
166	190	5
166	194	18
166	195	11
167	3	17
167	5	13
167	6	9
167	7	10
167	9	3
167	12	11
167	13	13
167	17	1
167	23	11
167	24	9
167	28	3
167	35	19
167	39	7
167	41	7
167	42	12
167	43	7
167	59	8
167	60	16
167	83	9
167	85	6
167	89	10
167	91	15
167	95	5
167	99	10
167	101	5
167	104	2
167	105	5
167	110	7
167	122	15
167	126	10
167	127	20
167	129	10
167	130	7
167	131	10
167	132	12
167	135	10
167	136	20
167	143	1
167	144	18
167	145	17
167	150	13
167	156	7
167	157	20
167	161	2
167	164	1
167	166	20
167	168	1
167	175	11
167	179	8
167	180	16
167	181	3
167	186	2
167	189	6
167	191	9
167	195	5
167	200	12
168	1	13
168	5	13
168	8	18
168	11	8
168	19	5
168	20	19
168	23	19
168	29	19
168	36	5
168	37	2
168	39	13
168	40	20
168	42	15
168	55	18
168	67	1
168	77	15
168	78	11
168	89	17
168	90	2
168	92	8
168	97	10
168	109	13
168	111	6
168	113	13
168	118	2
168	129	2
168	132	19
168	137	8
168	138	2
168	166	1
168	167	13
168	169	5
168	170	12
168	174	8
168	176	20
168	179	10
168	193	10
168	197	9
169	3	13
169	18	7
169	19	10
169	24	9
169	26	16
169	28	4
169	32	15
169	34	11
169	35	18
169	37	1
169	42	7
169	48	2
169	56	2
169	58	7
169	59	1
169	61	19
169	62	8
169	64	7
169	65	10
169	69	19
169	71	2
169	86	6
169	90	2
169	92	6
169	95	9
169	100	11
169	103	19
169	111	15
169	112	2
169	115	10
169	120	4
169	125	6
169	127	4
169	130	19
169	134	4
169	142	20
169	144	15
169	146	2
169	147	15
169	151	20
169	152	12
169	155	13
169	157	2
169	158	3
169	162	7
169	164	1
169	165	6
169	168	16
169	170	2
169	171	4
169	173	11
169	174	5
169	175	18
169	179	8
169	182	20
169	186	14
169	191	3
169	192	6
169	195	13
169	200	10
170	1	12
170	24	20
170	27	20
170	28	7
170	32	17
170	36	2
170	39	11
170	41	15
170	44	15
170	48	4
170	50	4
170	51	19
170	53	14
170	54	20
170	55	11
170	58	20
170	67	19
170	68	20
170	73	18
170	74	19
170	76	17
170	78	14
170	79	2
170	85	19
170	86	7
170	89	17
170	90	10
170	94	2
170	96	9
170	100	13
170	104	15
170	108	9
170	109	4
170	112	4
170	116	15
170	118	19
170	125	20
170	129	10
170	130	19
170	131	11
170	132	15
170	134	11
170	140	10
170	141	5
170	143	15
170	156	4
170	158	18
170	163	7
170	169	4
170	171	4
170	172	13
170	176	15
170	181	14
170	182	8
170	191	8
170	196	9
170	199	1
171	5	15
171	8	1
171	9	14
171	11	9
171	12	15
171	16	2
171	19	15
171	20	1
171	23	14
171	27	7
171	28	6
171	31	19
171	33	8
171	38	1
171	43	3
171	45	13
171	50	1
171	52	9
171	53	5
171	57	12
171	61	9
171	74	13
171	77	7
171	80	20
171	83	13
171	84	13
171	85	14
171	86	4
171	90	13
171	99	2
171	100	14
171	102	14
171	105	6
171	106	4
171	110	19
171	115	9
171	117	11
171	120	2
171	123	5
171	128	18
171	129	11
171	130	7
171	132	3
171	133	2
171	137	14
171	142	19
171	147	6
171	148	9
171	150	15
171	155	19
171	162	18
171	168	20
171	170	7
171	172	14
171	180	13
171	183	15
171	185	9
171	187	1
171	195	18
171	196	9
171	198	20
171	199	19
171	200	9
172	6	18
172	11	3
172	14	6
172	15	6
172	17	14
172	21	2
172	27	3
172	31	7
172	34	10
172	43	16
172	45	2
172	49	9
172	51	9
172	53	10
172	54	1
172	55	3
172	62	17
172	67	17
172	70	5
172	77	1
172	80	20
172	87	19
172	88	14
172	93	10
172	101	2
172	117	11
172	118	17
172	122	12
172	126	8
172	128	7
172	135	2
172	146	14
172	153	10
172	156	18
172	166	8
172	171	5
172	173	4
172	182	9
172	184	11
172	185	11
172	190	7
172	192	3
172	193	12
172	197	7
173	2	9
173	4	19
173	7	3
173	9	2
173	11	16
173	14	14
173	15	19
173	16	14
173	23	5
173	24	12
173	25	6
173	30	6
173	32	6
173	34	9
173	37	9
173	46	19
173	48	2
173	52	13
173	53	14
173	54	6
173	58	18
173	63	2
173	71	17
173	89	1
173	100	13
173	108	7
173	112	18
173	125	11
173	127	2
173	135	6
173	141	18
173	143	1
173	144	2
173	150	19
173	155	7
173	166	3
173	167	4
173	169	8
173	172	10
173	174	17
173	189	8
173	190	14
173	191	9
174	1	5
174	10	1
174	32	8
174	33	16
174	35	3
174	36	17
174	38	6
174	39	6
174	42	13
174	43	20
174	46	1
174	54	12
174	57	7
174	59	19
174	70	13
174	72	7
174	76	13
174	79	20
174	80	18
174	82	18
174	83	7
174	85	11
174	87	19
174	89	12
174	91	5
174	92	3
174	93	7
174	100	16
174	110	13
174	114	8
174	122	18
174	124	3
174	126	18
174	130	7
174	131	2
174	137	1
174	138	14
174	139	14
174	143	4
174	148	13
174	149	3
174	155	14
174	162	10
174	166	17
174	171	3
174	173	8
174	175	16
174	191	6
174	193	4
174	195	11
174	199	15
174	200	17
175	1	3
175	2	4
175	5	5
175	6	12
175	14	10
175	15	4
175	21	11
175	22	19
175	23	10
175	24	3
175	27	12
175	30	6
175	32	19
175	35	9
175	37	17
175	39	6
175	40	19
175	43	12
175	52	17
175	55	10
175	59	8
175	65	2
175	68	20
175	69	15
175	71	2
175	72	15
175	75	9
175	77	1
175	78	15
175	89	7
175	92	9
175	93	12
175	96	13
175	103	6
175	104	20
175	108	3
175	114	20
175	119	16
175	128	5
175	130	16
175	138	16
175	141	15
175	142	4
175	147	9
175	148	10
175	150	4
175	155	16
175	156	11
175	157	17
175	159	10
175	160	2
175	163	17
175	172	6
175	173	7
175	174	20
175	176	18
175	179	12
175	188	13
175	190	12
175	192	18
175	199	13
176	9	8
176	10	19
176	16	3
176	17	5
176	19	12
176	23	20
176	24	1
176	25	13
176	29	6
176	32	10
176	36	15
176	37	17
176	38	17
176	51	20
176	53	12
176	55	12
176	57	19
176	62	17
176	67	18
176	68	17
176	69	12
176	75	19
176	76	15
176	77	3
176	81	12
176	88	7
176	91	3
176	93	14
176	95	11
176	97	10
176	106	20
176	129	17
176	131	2
176	135	5
176	145	5
176	147	5
176	149	3
176	154	10
176	155	18
176	158	1
176	160	3
176	164	9
176	170	2
176	175	2
176	177	20
176	180	5
176	181	4
176	183	6
176	186	4
176	197	12
177	2	7
177	9	17
177	10	1
177	12	9
177	15	12
177	16	10
177	18	10
177	20	5
177	23	17
177	25	19
177	27	11
177	34	20
177	40	20
177	41	2
177	50	3
177	52	9
177	58	11
177	60	6
177	64	9
177	70	20
177	72	18
177	79	7
177	80	9
177	81	15
177	89	14
177	95	5
177	97	20
177	103	12
177	104	14
177	110	17
177	116	15
177	117	10
177	119	14
177	122	4
177	126	19
177	129	3
177	130	7
177	131	12
177	133	4
177	135	7
177	138	7
177	141	12
177	154	8
177	155	9
177	160	11
177	162	9
177	163	10
177	165	7
177	166	2
177	169	8
177	170	20
177	176	6
177	178	5
177	182	20
177	183	16
177	184	4
177	186	18
177	187	11
177	188	6
177	194	9
177	197	2
178	2	20
178	5	20
178	18	14
178	24	4
178	32	16
178	34	6
178	36	10
178	38	18
178	39	14
178	41	9
178	55	11
178	67	10
178	68	20
178	70	15
178	75	3
178	84	15
178	89	6
178	90	11
178	96	17
178	110	8
178	111	19
178	119	3
178	120	17
178	121	16
178	128	18
178	133	2
178	137	15
178	138	4
178	141	2
178	149	14
178	153	11
178	154	16
178	161	11
178	164	20
178	173	16
178	177	2
178	179	1
178	182	9
178	188	15
178	189	7
178	192	6
179	1	11
179	2	11
179	8	19
179	9	9
179	11	19
179	17	12
179	24	19
179	26	20
179	29	9
179	32	4
179	41	12
179	43	17
179	45	3
179	47	12
179	50	3
179	52	2
179	55	7
179	56	20
179	57	20
179	59	2
179	60	16
179	63	5
179	66	20
179	76	9
179	77	19
179	81	15
179	88	19
179	108	7
179	109	20
179	112	20
179	117	14
179	118	19
179	126	4
179	132	5
179	152	7
179	153	4
179	154	14
179	157	14
179	160	3
179	167	12
179	176	2
179	177	14
179	178	28
179	180	10
179	183	3
179	185	8
179	189	3
179	190	11
179	198	11
179	199	17
180	4	16
180	5	3
180	6	8
180	8	17
180	11	3
180	12	3
180	17	17
180	18	1
180	19	7
180	30	14
180	31	19
180	41	17
180	44	19
180	48	11
180	52	11
180	53	16
180	57	1
180	59	14
180	67	6
180	69	1
180	71	3
180	76	8
180	79	11
180	82	11
180	85	20
180	92	3
180	106	10
180	110	12
180	112	20
180	113	4
180	114	8
180	116	1
180	123	16
180	125	16
180	126	9
180	127	10
180	137	9
180	140	5
180	146	3
180	151	11
180	157	16
180	161	7
180	163	12
180	165	20
180	166	16
180	167	5
180	176	18
180	177	7
180	179	6
180	181	1
180	183	7
180	189	16
180	190	6
180	191	12
180	193	6
180	195	12
180	196	9
180	197	12
180	200	14
181	2	16
181	11	13
181	14	18
181	15	17
181	17	10
181	23	18
181	24	14
181	26	7
181	33	6
181	42	2
181	45	11
181	46	6
181	47	1
181	48	11
181	51	8
181	56	12
181	59	6
181	61	20
181	67	14
181	80	14
181	81	17
181	87	17
181	88	13
181	89	15
181	91	11
181	94	17
181	96	1
181	99	3
181	101	17
181	109	9
181	120	2
181	126	15
181	127	7
181	128	11
181	130	8
181	132	11
181	134	9
181	143	15
181	158	4
181	163	4
181	169	6
181	170	10
181	171	13
181	179	7
181	180	8
181	182	18
181	187	12
181	193	7
181	196	6
181	198	1
182	5	9
182	17	10
182	21	5
182	30	3
182	35	19
182	56	6
182	73	20
182	75	18
182	78	5
182	79	8
182	80	1
182	84	12
182	86	7
182	96	12
182	98	15
182	104	8
182	109	8
182	110	16
182	112	15
182	113	7
182	115	14
182	116	15
182	121	19
182	124	12
182	125	14
182	129	2
182	134	8
182	136	17
182	142	10
182	144	16
182	153	5
182	158	13
182	169	12
182	172	9
182	174	15
182	177	1
182	181	18
182	183	24
182	195	2
182	199	18
183	2	3
183	5	1
183	6	4
183	9	4
183	10	6
183	11	15
183	17	13
183	18	9
183	26	6
183	29	16
183	33	11
183	34	20
183	35	9
183	39	7
183	40	14
183	42	15
183	43	9
183	59	10
183	60	1
183	65	11
183	67	1
183	68	7
183	69	12
183	74	1
183	84	2
183	85	14
183	91	18
183	92	15
183	94	19
183	95	2
183	100	3
183	103	8
183	107	10
183	109	13
183	111	2
183	118	4
183	124	11
183	127	5
183	128	1
183	129	8
183	130	14
183	135	7
183	144	8
183	149	11
183	152	12
183	153	2
183	161	19
183	164	13
183	166	11
183	167	12
183	173	15
183	176	12
183	178	10
183	180	17
183	182	11
183	184	2
183	190	4
183	193	20
183	195	19
183	197	7
183	200	3
184	2	20
184	5	11
184	30	6
184	31	9
184	32	7
184	34	19
184	38	20
184	42	7
184	45	11
184	48	3
184	53	20
184	54	1
184	64	11
184	66	10
184	69	18
184	74	8
184	76	9
184	79	8
184	88	16
184	89	7
184	90	16
184	92	7
184	93	4
184	99	6
184	100	6
184	101	8
184	103	20
184	104	5
184	105	15
184	106	8
184	109	19
184	110	13
184	112	18
184	119	16
184	123	17
184	125	16
184	127	19
184	128	11
184	129	3
184	133	15
184	136	20
184	138	3
184	140	9
184	141	1
184	150	6
184	156	8
184	157	12
184	158	5
184	162	1
184	163	13
184	168	6
184	170	4
184	172	13
184	178	17
184	182	7
184	183	4
184	185	3
184	191	17
184	192	13
184	194	4
184	197	1
184	198	10
185	1	4
185	5	5
185	9	7
185	15	7
185	17	2
185	18	13
185	19	14
185	21	9
185	25	20
185	27	8
185	28	2
185	34	7
185	36	20
185	48	7
185	63	17
185	69	3
185	71	6
185	78	11
185	80	13
185	81	6
185	88	20
185	89	12
185	94	18
185	101	3
185	106	1
185	107	7
185	115	19
185	126	8
185	129	2
185	136	17
185	138	15
185	140	16
185	145	12
185	156	3
185	157	10
185	158	14
185	160	20
185	162	4
185	173	9
185	178	4
185	180	8
185	181	5
185	184	14
185	186	10
185	197	17
186	5	16
186	8	11
186	9	17
186	17	11
186	18	8
186	23	4
186	27	3
186	31	7
186	32	4
186	38	15
186	40	9
186	46	19
186	50	18
186	53	8
186	56	12
186	58	11
186	60	9
186	61	6
186	64	7
186	72	14
186	74	6
186	90	13
186	96	16
186	99	4
186	105	20
186	109	10
186	111	15
186	114	15
186	115	14
186	117	6
186	118	20
186	119	10
186	123	12
186	124	17
186	133	20
186	138	4
186	139	16
186	144	12
186	145	15
186	151	17
186	156	10
186	162	10
186	175	12
186	176	20
186	180	3
186	185	24
186	187	10
186	194	20
187	10	10
187	12	5
187	14	8
187	15	2
187	21	10
187	28	4
187	30	8
187	35	11
187	36	18
187	37	14
187	42	9
187	43	16
187	44	14
187	46	3
187	48	17
187	51	4
187	55	17
187	63	18
187	65	5
187	66	4
187	83	16
187	89	16
187	91	11
187	94	5
187	98	8
187	100	5
187	103	9
187	106	17
187	111	14
187	113	11
187	120	14
187	132	8
187	135	5
187	142	8
187	144	6
187	146	11
187	147	17
187	148	4
187	149	2
187	151	18
187	156	17
187	157	8
187	165	6
187	166	5
187	176	16
187	181	6
187	183	12
187	186	36
187	188	10
187	190	18
187	192	20
187	196	5
187	197	6
188	1	16
188	3	14
188	5	20
188	20	1
188	27	13
188	31	16
188	36	9
188	37	14
188	46	6
188	49	16
188	51	13
188	55	8
188	56	9
188	60	5
188	63	17
188	64	6
188	65	16
188	67	2
188	69	12
188	71	5
188	76	4
188	82	11
188	96	8
188	97	20
188	98	17
188	104	4
188	105	8
188	109	17
188	117	7
188	119	15
188	123	3
188	128	4
188	131	5
188	133	17
188	139	3
188	141	15
188	148	8
188	149	15
188	153	18
188	163	18
188	170	11
188	175	20
188	178	13
188	187	16
188	189	8
188	190	1
188	191	7
188	198	9
189	1	2
189	4	7
189	6	2
189	8	3
189	10	1
189	11	8
189	16	4
189	19	11
189	27	20
189	28	6
189	29	1
189	30	12
189	31	20
189	34	15
189	38	8
189	42	5
189	55	18
189	76	5
189	77	4
189	80	6
189	82	8
189	83	11
189	84	2
189	85	1
189	88	11
189	90	20
189	93	15
189	99	15
189	101	4
189	104	9
189	108	17
189	111	10
189	113	16
189	115	10
189	117	14
189	118	1
189	134	18
189	135	11
189	140	6
189	144	8
189	154	8
189	155	20
189	158	20
189	164	15
189	174	15
189	177	12
189	178	7
189	179	8
189	188	11
189	190	40
190	13	3
190	14	18
190	18	7
190	20	20
190	21	4
190	29	17
190	32	19
190	33	6
190	35	19
190	41	5
190	44	17
190	47	2
190	48	12
190	52	16
190	56	12
190	62	7
190	77	1
190	80	18
190	83	19
190	84	16
190	85	3
190	91	5
190	92	20
190	94	15
190	98	14
190	99	5
190	100	9
190	107	18
190	117	10
190	121	5
190	126	12
190	129	16
190	130	15
190	131	15
190	134	11
190	135	1
190	137	3
190	139	16
190	145	6
190	146	10
190	160	9
190	163	3
190	164	6
190	181	3
190	182	15
190	187	16
190	189	7
190	191	15
190	195	4
190	198	9
191	2	5
191	3	8
191	6	13
191	18	9
191	22	20
191	24	4
191	26	9
191	28	14
191	31	11
191	33	1
191	49	16
191	53	15
191	57	5
191	59	8
191	60	7
191	61	6
191	62	12
191	63	12
191	78	4
191	79	3
191	90	7
191	95	16
191	121	14
191	128	19
191	134	20
191	140	11
191	146	17
191	150	13
191	153	7
191	154	3
191	164	6
191	174	11
191	176	5
191	181	7
191	184	16
191	190	4
191	192	15
191	194	19
192	4	12
192	6	13
192	16	9
192	27	8
192	37	13
192	40	6
192	42	4
192	44	6
192	52	14
192	53	4
192	54	13
192	63	5
192	64	8
192	66	14
192	79	19
192	81	15
192	83	15
192	93	19
192	100	1
192	106	7
192	115	15
192	122	6
192	124	18
192	127	1
192	128	13
192	135	3
192	138	17
192	140	19
192	141	3
192	144	15
192	145	11
192	154	1
192	156	14
192	163	2
192	171	15
192	179	12
192	187	6
192	191	16
192	193	10
192	198	17
193	3	18
193	4	19
193	5	15
193	7	19
193	8	11
193	9	11
193	11	8
193	12	4
193	17	9
193	21	12
193	29	3
193	30	15
193	34	19
193	38	5
193	39	14
193	42	6
193	46	2
193	48	6
193	49	18
193	52	16
193	53	9
193	55	10
193	56	18
193	59	10
193	60	6
193	65	7
193	76	10
193	77	3
193	82	10
193	83	4
193	84	6
193	89	15
193	91	16
193	94	4
193	98	7
193	103	18
193	108	5
193	110	14
193	118	6
193	119	10
193	126	18
193	128	10
193	132	16
193	137	14
193	146	6
193	149	18
193	151	13
193	152	6
193	154	16
193	156	9
193	168	14
193	170	19
193	173	8
193	184	7
193	187	16
193	192	16
193	194	4
194	1	2
194	4	10
194	8	10
194	10	12
194	11	1
194	31	18
194	41	12
194	43	3
194	44	17
194	48	6
194	49	7
194	57	6
194	59	2
194	60	4
194	61	10
194	63	9
194	68	4
194	69	2
194	72	3
194	74	3
194	78	13
194	79	12
194	81	12
194	86	7
194	87	5
194	89	10
194	101	3
194	105	12
194	106	10
194	108	12
194	110	2
194	113	2
194	114	5
194	118	1
194	119	1
194	122	7
194	124	19
194	134	20
194	147	20
194	153	7
194	154	15
194	156	6
194	160	11
194	178	5
194	179	14
194	184	11
194	185	19
194	186	16
194	191	5
194	193	5
194	195	6
195	5	16
195	8	1
195	11	18
195	14	15
195	18	10
195	19	17
195	21	2
195	29	12
195	30	10
195	33	7
195	37	2
195	38	2
195	39	8
195	41	3
195	47	19
195	48	9
195	49	18
195	54	10
195	56	12
195	63	20
195	67	4
195	68	17
195	71	6
195	73	17
195	75	15
195	84	1
195	99	4
195	105	2
195	109	7
195	110	4
195	112	2
195	115	19
195	121	5
195	122	11
195	126	10
195	127	4
195	129	9
195	133	20
195	136	12
195	138	16
195	145	12
195	153	16
195	155	20
195	158	8
195	164	18
195	173	1
195	176	15
195	177	19
195	178	20
195	183	4
195	184	4
195	188	20
195	189	11
195	190	17
195	193	19
195	194	10
195	196	10
195	197	11
195	198	12
195	200	16
196	7	5
196	14	12
196	19	9
196	31	3
196	34	10
196	50	20
196	51	19
196	52	13
196	53	2
196	57	17
196	62	9
196	72	6
196	75	12
196	90	13
196	95	1
196	97	7
196	100	9
196	108	3
196	111	17
196	114	5
196	115	18
196	124	4
196	126	7
196	135	14
196	139	19
196	141	1
196	142	6
196	143	3
196	146	6
196	150	12
196	151	6
196	152	12
196	154	18
196	158	8
196	161	13
196	183	18
196	184	2
196	186	2
196	187	8
196	195	20
196	197	12
196	200	6
197	1	20
197	4	16
197	8	12
197	14	14
197	18	19
197	20	5
197	21	8
197	27	9
197	29	16
197	33	20
197	39	6
197	45	14
197	48	14
197	54	2
197	56	19
197	57	16
197	64	14
197	69	7
197	70	11
197	71	13
197	83	15
197	85	18
197	99	13
197	102	18
197	103	9
197	107	2
197	110	2
197	111	6
197	119	11
197	122	16
197	124	4
197	125	2
197	126	11
197	127	5
197	134	1
197	138	2
197	150	7
197	153	20
197	156	16
197	159	19
197	162	19
197	166	7
197	170	14
197	174	12
197	175	14
197	181	16
197	189	7
197	190	4
197	196	20
197	198	22
198	2	17
198	4	1
198	10	18
198	13	12
198	15	13
198	17	7
198	18	1
198	19	10
198	20	19
198	24	14
198	26	2
198	34	8
198	37	8
198	38	10
198	46	2
198	51	7
198	52	6
198	56	19
198	59	17
198	65	11
198	68	14
198	75	8
198	80	18
198	81	14
198	86	8
198	88	10
198	95	15
198	96	2
198	98	11
198	106	16
198	107	7
198	109	2
198	110	20
198	111	1
198	115	16
198	120	8
198	121	3
198	131	14
198	144	11
198	151	13
198	154	3
198	163	20
198	167	13
198	168	2
198	170	4
198	173	1
198	175	18
198	177	8
198	187	15
198	188	8
198	190	8
198	197	40
198	199	26
199	2	20
199	3	2
199	5	17
199	7	1
199	8	9
199	20	20
199	22	1
199	26	4
199	30	14
199	32	2
199	33	14
199	37	13
199	41	20
199	42	8
199	43	19
199	50	5
199	51	19
199	56	11
199	59	10
199	65	8
199	66	14
199	68	6
199	69	15
199	70	16
199	76	12
199	77	1
199	78	12
199	80	15
199	87	8
199	92	6
199	100	6
199	101	11
199	102	5
199	104	8
199	107	10
199	112	4
199	118	13
199	121	10
199	125	11
199	128	15
199	131	11
199	135	11
199	142	15
199	146	9
199	156	1
199	170	3
199	171	6
199	174	10
199	179	14
199	185	17
199	195	5
199	198	17
199	200	17
200	4	15
200	8	9
200	9	14
200	10	19
200	12	20
200	13	16
200	17	12
200	20	17
200	23	8
200	24	12
200	33	13
200	36	20
200	37	12
200	40	11
200	48	7
200	49	19
200	52	14
200	53	18
200	54	20
200	56	7
200	64	6
200	69	10
200	72	6
200	73	3
200	74	3
200	80	1
200	81	20
200	82	3
200	85	5
200	86	3
200	88	16
200	89	2
200	92	13
200	96	4
200	99	7
200	103	6
200	105	15
200	106	6
200	112	7
200	117	4
200	124	6
200	127	2
200	131	2
200	141	15
200	143	14
200	144	2
200	146	10
200	154	5
200	157	17
200	159	20
200	160	15
200	161	5
200	167	7
200	171	18
200	172	2
200	180	2
200	187	18
200	199	5
