1	2	8
1	7	7
1	9	2
1	10	20
1	11	4
1	21	15
1	26	11
1	29	5
1	31	8
1	32	10
1	35	17
1	36	2
1	37	8
1	40	13
1	42	15
1	45	16
1	48	1
1	57	4
1	59	8
2	1	11
2	3	34
2	9	16
2	17	19
2	19	15
2	23	7
2	24	3
2	26	13
2	30	18
2	31	10
2	32	14
2	42	2
2	46	12
2	49	6
2	51	19
2	52	3
2	58	1
3	2	4
3	4	36
3	11	7
3	17	6
3	19	19
3	23	20
3	26	10
3	27	10
3	29	3
3	34	14
3	36	8
3	38	17
3	43	3
3	51	18
3	55	20
4	3	15
4	5	8
4	6	3
4	7	8
4	13	10
4	18	16
4	23	17
4	24	18
4	25	15
4	28	6
4	29	2
4	33	16
4	34	15
4	42	13
4	52	1
4	54	5
5	4	14
5	6	17
5	8	15
5	10	1
5	13	15
5	18	3
5	23	7
5	29	5
5	47	10
5	48	10
5	50	16
5	54	8
5	56	20
5	60	19
6	3	12
6	5	4
6	7	19
6	13	15
6	16	19
6	17	16
6	22	18
6	28	3
6	29	3
6	31	11
6	42	15
6	44	9
6	52	11
6	53	17
6	54	13
6	57	16
7	1	3
7	3	18
7	6	20
7	8	4
7	17	11
7	19	18
7	23	18
7	24	18
7	26	14
7	27	14
7	29	4
7	31	6
7	32	10
7	41	8
7	43	19
7	50	19
7	57	12
8	3	6
8	7	11
8	9	8
8	12	6
8	23	14
8	24	7
8	25	9
8	26	12
8	27	15
8	38	3
8	40	14
8	41	7
8	44	20
8	46	8
8	50	13
8	52	12
8	55	18
9	2	17
9	5	14
9	6	10
9	8	14
9	10	14
9	11	12
9	14	7
9	20	14
9	26	16
9	30	19
9	34	11
9	36	11
9	37	17
9	42	7
9	46	6
9	51	18
9	55	11
9	56	19
10	6	1
10	7	15
10	8	10
10	9	32
10	11	18
10	13	10
10	20	7
10	22	8
10	27	19
10	32	18
10	37	18
10	38	8
10	41	7
10	48	9
10	50	10
11	1	6
11	5	15
11	8	6
11	10	40
11	12	18
11	13	16
11	16	18
11	17	3
11	18	9
11	25	20
11	26	2
11	28	9
11	29	15
11	33	3
11	35	8
11	37	8
11	43	9
11	46	11
11	48	18
11	53	15
11	56	7
11	60	8
12	9	2
12	11	11
12	13	16
12	17	2
12	19	15
12	23	14
12	25	20
12	29	18
12	34	3
12	35	6
12	42	20
12	44	6
12	48	15
12	49	2
12	56	3
12	57	19
12	60	18
13	9	3
13	12	20
13	14	16
13	22	20
13	32	11
13	49	12
13	52	12
13	58	19
13	59	20
13	60	18
14	2	3
14	3	11
14	6	13
14	8	9
14	13	16
14	15	20
14	16	3
14	25	12
14	35	14
14	38	1
14	43	7
14	49	2
14	55	1
15	7	13
15	13	14
15	14	17
15	16	10
15	17	7
15	20	1
15	21	14
15	24	9
15	28	19
15	37	1
15	42	18
15	46	17
15	48	6
15	51	17
15	54	14
15	57	20
15	60	12
16	3	3
16	4	15
16	6	15
16	13	10
16	14	4
16	15	18
16	17	12
16	19	14
16	23	3
16	25	19
16	29	5
16	30	3
16	33	4
16	37	14
16	39	16
16	45	1
16	46	10
16	55	17
17	3	11
17	7	15
17	9	10
17	11	4
17	12	4
17	16	8
17	18	8
17	22	1
17	25	11
17	27	17
17	36	3
17	37	5
17	42	1
17	45	12
17	54	9
17	58	20
17	59	5
17	60	15
18	2	10
18	3	18
18	11	7
18	13	16
18	17	8
18	19	4
18	20	7
18	27	8
18	28	8
18	35	6
18	36	16
18	37	20
18	51	3
18	59	3
18	60	3
19	2	9
19	10	19
19	14	15
19	18	4
19	20	32
19	24	20
19	25	20
19	26	14
19	32	4
19	33	17
19	38	8
19	39	4
19	42	1
19	50	5
19	53	16
19	58	12
20	6	5
20	7	4
20	9	7
20	17	18
20	19	4
20	21	19
20	23	20
20	25	16
20	29	1
20	37	10
20	38	10
20	41	1
20	43	13
20	46	5
20	48	11
20	50	17
20	51	7
20	57	15
20	58	20
21	6	11
21	15	4
21	18	4
21	19	9
21	20	10
21	22	4
21	29	16
21	31	18
21	38	13
21	40	15
21	43	7
21	44	20
21	46	2
21	47	16
21	49	1
21	50	5
21	53	4
21	57	12
22	2	4
22	7	9
22	10	7
22	15	14
22	21	20
22	23	7
22	33	6
22	35	8
22	37	14
22	38	8
22	39	2
22	40	12
22	43	13
22	50	18
22	51	15
22	52	8
22	58	11
22	59	15
23	10	11
23	22	11
23	24	20
23	40	19
23	42	4
23	44	7
23	48	6
23	53	13
24	2	2
24	7	11
24	13	9
24	18	6
24	20	11
24	23	4
24	25	3
24	28	15
24	31	18
24	36	17
24	43	4
25	5	20
25	12	17
25	16	12
25	17	10
25	24	11
25	26	7
25	28	18
25	36	3
25	37	8
25	44	20
25	46	1
25	47	7
25	48	15
25	49	4
25	55	20
25	59	18
26	1	3
26	2	13
26	7	2
26	9	4
26	12	7
26	14	13
26	18	4
26	25	14
26	27	18
26	28	16
26	32	15
26	33	4
26	40	3
26	48	9
26	49	20
26	50	19
26	53	5
26	54	19
26	56	15
26	57	7
26	59	2
27	1	8
27	2	8
27	8	14
27	19	14
27	20	4
27	25	8
27	26	17
27	28	10
27	30	17
27	35	4
27	38	2
27	50	10
27	53	19
27	54	14
27	55	19
27	56	13
28	2	20
28	3	2
28	4	6
28	6	13
28	7	3
28	9	16
28	10	9
28	17	12
28	27	7
28	29	14
28	32	13
28	34	10
28	39	3
28	40	15
28	42	9
28	45	20
28	47	20
28	58	7
29	2	9
29	5	16
29	10	7
29	12	8
29	17	12
29	22	3
29	28	6
29	30	20
29	31	13
29	35	1
29	42	15
29	43	19
29	44	1
29	54	20
29	55	19
29	58	15
30	4	1
30	9	4
30	10	9
30	14	7
30	16	13
30	18	4
30	22	16
30	25	18
30	27	11
30	29	8
30	31	18
30	35	9
30	37	7
30	38	8
30	41	20
30	43	9
30	54	17
31	11	5
31	12	6
31	13	14
31	15	1
31	19	13
31	25	19
31	26	18
31	30	19
31	32	1
31	39	1
31	41	7
31	49	20
31	50	16
31	51	19
32	18	2
32	22	19
32	31	24
32	33	6
32	36	7
32	53	18
32	54	13
33	10	20
33	15	20
33	22	19
33	23	2
33	26	9
33	27	12
33	31	20
33	32	3
33	34	4
33	35	14
33	36	11
33	38	13
33	40	6
33	46	12
33	47	4
33	48	10
33	51	18
33	55	3
34	1	17
34	4	8
34	11	19
34	15	16
34	22	4
34	23	3
34	29	12
34	30	9
34	33	6
34	35	4
34	38	14
34	39	18
34	42	5
34	50	18
34	58	7
35	2	13
35	11	6
35	18	16
35	21	17
35	22	12
35	23	15
35	28	20
35	32	13
35	34	12
35	36	11
35	37	20
35	38	15
35	41	20
35	43	11
35	44	5
35	45	18
35	57	12
36	2	3
36	4	10
36	6	13
36	14	17
36	17	13
36	20	19
36	24	12
36	35	16
36	37	16
36	40	3
36	41	6
36	60	11
37	7	20
37	9	2
37	10	11
37	11	19
37	12	11
37	13	7
37	14	6
37	16	3
37	21	10
37	24	15
37	25	17
37	26	15
37	28	12
37	33	1
37	34	6
37	36	20
37	38	6
37	39	8
37	42	5
37	48	11
37	52	1
37	54	8
37	55	11
37	57	13
37	60	11
38	3	6
38	4	14
38	6	13
38	9	6
38	19	12
38	21	1
38	22	4
38	24	16
38	27	6
38	31	14
38	33	12
38	37	17
38	39	24
38	42	7
38	45	3
38	47	16
38	49	10
38	53	17
38	55	10
38	57	4
39	7	15
39	8	13
39	11	6
39	14	14
39	18	5
39	20	4
39	24	5
39	25	14
39	31	15
39	33	2
39	38	3
39	40	10
39	42	11
39	43	5
39	44	17
39	45	9
39	48	12
39	53	1
39	55	2
39	58	20
40	2	20
40	3	16
40	4	11
40	6	5
40	10	20
40	11	9
40	15	7
40	17	15
40	19	14
40	24	13
40	29	18
40	39	5
40	41	16
40	46	8
40	47	3
40	50	18
40	56	2
40	60	1
41	10	5
41	11	16
41	23	12
41	26	18
41	27	8
41	39	8
41	40	19
41	42	9
41	43	12
41	47	2
41	49	14
41	50	18
41	56	20
41	57	12
41	59	10
42	4	19
42	8	5
42	13	17
42	16	12
42	17	1
42	22	5
42	23	2
42	26	5
42	41	12
42	43	20
42	47	3
42	54	19
43	5	3
43	7	4
43	12	15
43	18	9
43	19	12
43	20	18
43	29	10
43	31	4
43	37	19
43	42	14
43	44	11
43	47	3
43	49	19
44	2	19
44	5	14
44	9	2
44	15	5
44	23	8
44	28	19
44	34	11
44	35	8
44	36	11
44	37	3
44	41	12
44	43	11
44	45	19
45	2	12
45	5	13
45	8	17
45	10	6
45	11	19
45	14	5
45	16	7
45	20	20
45	24	18
45	33	8
45	35	1
45	37	14
45	39	16
45	41	8
45	42	4
45	44	9
45	46	11
45	47	9
45	52	18
45	60	3
46	8	3
46	11	4
46	15	1
46	23	1
46	24	5
46	35	12
46	36	7
46	37	3
46	38	16
46	41	5
46	44	13
46	45	19
46	47	18
46	52	10
46	53	10
46	58	5
47	1	14
47	2	11
47	3	7
47	8	6
47	10	17
47	19	18
47	21	13
47	23	15
47	24	11
47	28	17
47	29	11
47	30	5
47	32	10
47	35	7
47	36	19
47	40	11
47	46	36
47	48	38
47	49	3
47	52	20
47	54	15
47	55	11
48	1	2
48	2	11
48	11	18
48	16	2
48	18	7
48	21	1
48	24	7
48	25	8
48	26	19
48	31	15
48	36	3
48	38	5
48	41	1
48	43	18
48	47	6
48	49	12
48	52	12
48	53	10
48	55	20
49	2	17
49	3	4
49	5	13
49	7	15
49	19	13
49	21	2
49	30	3
49	33	12
49	35	11
49	40	5
49	41	16
49	45	8
49	48	17
49	50	11
49	51	9
49	52	18
49	53	19
49	55	15
49	57	11
49	60	7
50	8	11
50	11	13
50	13	10
50	19	3
50	20	3
50	22	16
50	34	3
50	36	19
50	40	7
50	41	11
50	49	14
50	51	26
50	55	20
51	1	9
51	11	10
51	16	7
51	18	12
51	19	10
51	20	19
51	23	11
51	27	20
51	32	10
51	33	6
51	37	17
51	48	16
51	50	30
51	52	3
51	58	18
52	3	5
52	6	2
52	8	15
52	22	8
52	24	13
52	25	15
52	27	20
52	28	6
52	30	20
52	34	15
52	39	1
52	40	9
52	43	17
52	45	2
52	46	3
52	51	38
52	53	16
52	54	8
52	59	20
53	5	4
53	9	18
53	10	16
53	12	10
53	13	19
53	14	8
53	19	1
53	25	13
53	27	11
53	31	14
53	33	12
53	36	17
53	49	5
53	52	10
53	54	30
53	58	15
54	1	3
54	5	12
54	8	2
54	10	1
54	16	19
54	20	9
54	21	17
54	25	10
54	32	15
54	35	17
54	42	12
54	43	1
54	44	11
54	49	6
54	53	6
54	55	4
54	56	18
54	57	12
54	58	2
55	4	9
55	13	13
55	21	11
55	26	20
55	31	1
55	32	20
55	35	1
55	39	18
55	41	9
55	43	17
55	44	15
55	46	19
55	48	4
55	50	12
55	54	6
55	56	19
55	58	6
55	60	4
56	5	14
56	6	12
56	8	7
56	12	18
56	15	11
56	16	4
56	27	18
56	28	18
56	39	16
56	43	12
56	50	8
56	51	14
56	55	3
56	57	11
56	58	12
57	3	13
57	12	9
57	13	3
57	19	13
57	20	4
57	31	4
57	34	20
57	42	19
57	48	8
57	55	18
57	56	8
57	58	15
58	8	12
58	13	14
58	17	7
58	18	2
58	19	13
58	22	3
58	23	20
58	24	1
58	26	1
58	30	12
58	31	2
58	35	4
58	50	7
58	51	10
58	57	26
58	59	36
59	4	16
59	7	19
59	8	11
59	16	3
59	29	17
59	31	3
59	33	15
59	34	14
59	42	10
59	43	12
59	48	7
59	52	1
59	58	15
59	60	20
60	2	2
60	5	9
60	6	9
60	7	7
60	8	7
60	16	15
60	21	8
60	23	8
60	27	11
60	36	3
60	40	12
60	46	2
60	47	12
60	49	14
60	57	18
60	59	10
