1	2	15
1	3	16
1	4	17
1	6	3
1	12	3
1	14	8
1	17	1
1	22	15
1	24	8
1	26	17
1	39	12
1	44	11
1	45	19
1	52	14
1	53	4
1	60	9
1	64	7
1	66	20
1	68	8
1	69	14
1	70	1
1	80	11
1	87	11
1	93	6
1	94	16
1	98	14
1	99	3
1	110	12
1	112	18
1	114	5
1	126	16
1	133	4
1	135	3
1	142	1
1	150	5
1	151	1
1	153	3
1	156	19
1	157	19
1	164	1
1	167	2
1	174	5
1	180	20
1	184	10
1	186	20
1	188	5
1	190	4
2	1	18
2	3	12
2	20	4
2	22	16
2	25	8
2	32	18
2	34	13
2	35	18
2	36	17
2	38	3
2	45	15
2	58	6
2	67	4
2	71	8
2	73	1
2	77	1
2	80	14
2	81	5
2	86	20
2	87	2
2	91	7
2	92	19
2	94	8
2	99	13
2	108	14
2	120	7
2	122	18
2	128	20
2	135	16
2	137	20
2	138	9
2	139	16
2	143	3
2	144	16
2	145	1
2	149	17
2	156	14
2	160	6
2	171	3
2	173	7
2	178	15
2	180	9
2	182	12
2	194	11
2	195	5
2	197	8
3	1	20
3	2	10
3	4	14
3	5	2
3	6	11
3	10	12
3	12	1
3	17	20
3	19	17
3	22	10
3	25	18
3	27	16
3	28	10
3	30	6
3	31	1
3	32	8
3	33	14
3	37	14
3	40	6
3	44	19
3	47	6
3	48	15
3	60	17
3	61	20
3	64	2
3	69	2
3	81	16
3	82	6
3	87	13
3	90	13
3	92	20
3	100	3
3	105	18
3	112	8
3	114	18
3	119	6
3	120	6
3	126	9
3	127	6
3	129	9
3	133	5
3	136	3
3	139	7
3	141	2
3	143	15
3	144	17
3	146	10
3	147	20
3	153	13
3	154	12
3	156	16
3	159	13
3	168	16
3	169	10
3	170	13
3	176	14
3	177	8
3	183	12
3	185	20
3	186	18
3	189	15
3	190	7
3	194	4
3	196	15
4	1	20
4	3	16
4	5	2
4	7	3
4	13	12
4	29	15
4	30	4
4	32	11
4	34	1
4	36	8
4	38	6
4	39	4
4	42	14
4	43	16
4	44	4
4	45	8
4	46	1
4	51	2
4	52	12
4	53	9
4	61	13
4	70	14
4	74	15
4	75	5
4	80	2
4	81	4
4	83	13
4	85	10
4	86	4
4	90	16
4	92	2
4	93	2
4	114	1
4	118	13
4	121	2
4	122	20
4	123	4
4	124	6
4	127	13
4	134	18
4	137	1
4	140	18
4	142	19
4	143	6
4	146	2
4	153	11
4	154	5
4	155	13
4	159	16
4	160	18
4	163	2
4	173	10
4	177	12
4	183	13
4	184	2
4	186	14
4	190	15
4	194	11
4	199	17
5	1	10
5	2	12
5	4	11
5	6	17
5	10	10
5	11	19
5	26	20
5	27	2
5	28	8
5	29	10
5	44	1
5	50	3
5	51	19
5	52	20
5	59	4
5	60	4
5	70	16
5	74	20
5	76	19
5	79	6
5	81	11
5	83	17
5	86	16
5	91	20
5	93	9
5	94	6
5	98	2
5	99	14
5	104	3
5	106	7
5	108	1
5	124	9
5	130	6
5	133	9
5	136	13
5	138	8
5	143	8
5	144	4
5	150	17
5	155	2
5	158	9
5	162	13
5	168	8
5	169	3
5	171	2
5	175	11
5	181	14
5	183	3
5	187	9
5	190	11
5	191	9
5	193	8
5	198	1
6	3	13
6	4	2
6	5	28
6	7	36
6	12	15
6	15	18
6	19	19
6	27	15
6	50	20
6	54	14
6	58	11
6	60	17
6	67	17
6	73	18
6	75	20
6	76	4
6	81	3
6	82	12
6	87	2
6	92	6
6	100	20
6	101	5
6	105	9
6	118	18
6	120	8
6	121	19
6	125	3
6	127	8
6	129	18
6	136	14
6	137	8
6	145	4
6	149	8
6	152	8
6	163	5
6	172	12
6	180	7
6	181	17
6	185	10
6	189	7
6	190	9
6	198	13
7	2	9
7	3	18
7	5	2
7	6	9
7	8	11
7	9	8
7	14	8
7	16	5
7	20	11
7	25	2
7	35	4
7	38	11
7	39	19
7	41	3
7	49	12
7	60	14
7	61	18
7	71	10
7	77	16
7	80	11
7	86	16
7	89	7
7	90	18
7	100	13
7	101	11
7	103	14
7	110	17
7	112	19
7	117	20
7	122	11
7	124	8
7	130	16
7	141	12
7	144	19
7	156	4
7	157	12
7	160	15
7	164	2
7	169	2
7	171	5
7	172	11
7	178	7
7	182	7
7	183	4
7	185	18
7	186	2
7	197	17
7	200	8
8	2	11
8	4	19
8	7	12
8	9	4
8	14	3
8	15	8
8	18	19
8	19	18
8	22	15
8	24	8
8	26	6
8	27	11
8	28	12
8	31	14
8	34	8
8	39	20
8	42	15
8	43	14
8	49	16
8	56	3
8	59	12
8	61	9
8	63	7
8	69	3
8	73	15
8	80	14
8	81	17
8	86	13
8	89	2
8	93	19
8	95	3
8	98	3
8	104	6
8	105	15
8	114	10
8	124	17
8	132	6
8	133	9
8	136	16
8	137	4
8	138	16
8	144	11
8	145	5
8	152	3
8	157	13
8	159	19
8	161	1
8	166	13
8	174	14
8	177	9
8	179	5
8	182	18
8	186	8
8	192	15
9	3	5
9	7	11
9	8	7
9	10	3
9	12	6
9	14	1
9	15	1
9	23	19
9	31	16
9	43	15
9	48	11
9	51	12
9	52	8
9	54	18
9	55	18
9	64	13
9	66	16
9	67	6
9	72	5
9	75	18
9	80	3
9	83	5
9	85	16
9	86	13
9	87	18
9	89	14
9	90	15
9	105	6
9	107	14
9	111	4
9	112	20
9	121	15
9	129	16
9	131	18
9	132	13
9	133	11
9	139	9
9	142	10
9	143	5
9	145	14
9	148	8
9	164	13
9	166	20
9	168	11
9	170	7
9	181	7
9	182	3
9	185	16
9	186	5
9	189	9
9	192	14
9	193	9
9	198	12
10	1	6
10	2	5
10	8	4
10	9	15
10	11	2
10	20	9
10	21	12
10	23	4
10	42	13
10	46	18
10	56	20
10	57	11
10	61	8
10	63	3
10	64	19
10	69	4
10	73	20
10	80	11
10	83	13
10	86	12
10	87	19
10	90	2
10	91	5
10	94	3
10	100	3
10	101	9
10	104	19
10	112	13
10	113	18
10	114	17
10	118	8
10	121	11
10	123	5
10	129	2
10	133	4
10	142	10
10	154	12
10	155	8
10	158	20
10	160	17
10	166	14
10	167	5
10	170	1
10	174	8
10	176	16
10	179	19
10	185	4
10	191	11
10	192	13
10	193	16
10	198	9
11	10	28
11	12	20
11	14	3
11	26	11
11	28	15
11	29	8
11	35	1
11	42	8
11	43	3
11	52	11
11	53	10
11	54	11
11	55	2
11	56	4
11	59	11
11	60	17
11	62	8
11	64	17
11	66	6
11	68	3
11	69	18
11	71	7
11	73	19
11	79	17
11	83	10
11	85	12
11	91	13
11	96	2
11	104	19
11	106	16
11	111	17
11	114	7
11	119	7
11	125	10
11	126	4
11	127	18
11	133	6
11	141	20
11	143	8
11	147	17
11	149	11
11	155	16
11	159	13
11	165	3
11	168	10
11	169	20
11	170	3
11	171	10
11	175	11
11	181	3
11	183	5
11	184	19
11	185	5
11	186	13
11	193	9
12	1	3
12	2	14
12	5	9
12	7	13
12	8	7
12	10	7
12	11	2
12	13	7
12	18	3
12	21	10
12	22	18
12	27	2
12	30	16
12	37	7
12	40	10
12	44	3
12	45	20
12	46	18
12	51	20
12	54	20
12	71	4
12	72	10
12	81	15
12	90	6
12	94	10
12	97	19
12	99	19
12	102	13
12	106	14
12	111	2
12	122	11
12	126	7
12	136	9
12	141	18
12	144	19
12	151	18
12	155	5
12	156	5
12	157	19
12	160	4
12	161	15
12	163	8
12	165	13
12	166	15
12	170	14
12	171	16
12	177	7
12	187	2
12	188	7
12	192	20
12	196	1
12	198	15
13	1	19
13	2	18
13	4	5
13	9	6
13	10	19
13	12	2
13	14	13
13	15	7
13	20	2
13	24	3
13	25	19
13	27	2
13	30	9
13	32	20
13	33	12
13	36	7
13	37	9
13	39	9
13	48	4
13	49	11
13	51	12
13	52	1
13	53	2
13	57	1
13	59	4
13	60	11
13	64	10
13	76	4
13	87	2
13	88	17
13	89	10
13	103	19
13	108	18
13	112	18
13	113	3
13	117	3
13	118	2
13	119	14
13	125	5
13	129	7
13	130	1
13	132	11
13	144	6
13	148	18
13	155	17
13	156	1
13	161	12
13	164	19
13	182	10
13	183	4
13	190	8
13	191	17
13	196	3
14	4	2
14	9	17
14	11	5
14	13	26
14	15	16
14	20	7
14	22	15
14	24	6
14	25	18
14	26	17
14	34	16
14	41	3
14	48	11
14	61	2
14	65	7
14	66	18
14	70	12
14	75	1
14	77	10
14	79	4
14	80	16
14	86	15
14	91	6
14	103	20
14	105	19
14	110	8
14	111	1
14	113	14
14	116	12
14	129	1
14	133	7
14	139	9
14	144	11
14	147	13
14	148	1
14	150	19
14	152	3
14	158	10
14	162	7
14	170	4
14	172	18
14	173	12
14	178	10
14	181	3
14	183	1
14	190	15
14	193	14
14	198	9
15	2	6
15	8	8
15	9	1
15	10	15
15	12	12
15	13	18
15	14	22
15	16	18
15	19	10
15	22	18
15	24	10
15	26	2
15	30	9
15	34	5
15	36	12
15	37	10
15	38	10
15	41	4
15	42	12
15	43	16
15	46	8
15	47	13
15	50	19
15	53	10
15	55	17
15	60	11
15	64	18
15	65	19
15	73	14
15	74	3
15	75	4
15	79	10
15	81	5
15	83	9
15	91	14
15	95	3
15	96	5
15	103	3
15	105	3
15	110	18
15	112	14
15	124	19
15	131	15
15	132	8
15	133	20
15	136	7
15	141	19
15	143	5
15	144	19
15	148	20
15	149	15
15	152	19
15	164	14
15	165	13
15	170	8
15	172	11
15	176	5
15	177	17
15	178	8
15	181	17
15	191	1
15	196	4
15	200	3
16	1	17
16	5	3
16	13	18
16	15	12
16	17	3
16	18	13
16	26	7
16	31	11
16	41	19
16	42	10
16	49	2
16	53	2
16	54	17
16	62	16
16	64	9
16	67	18
16	70	7
16	73	19
16	77	7
16	80	8
16	84	10
16	88	9
16	92	13
16	93	4
16	96	13
16	108	5
16	110	4
16	113	20
16	121	11
16	122	20
16	128	20
16	129	5
16	136	8
16	141	8
16	142	8
16	151	12
16	154	9
16	159	5
16	162	20
16	165	2
16	169	19
16	181	14
16	184	16
16	192	11
17	1	16
17	2	6
17	4	15
17	5	20
17	6	19
17	9	14
17	16	19
17	18	17
17	19	16
17	28	8
17	31	9
17	38	12
17	40	14
17	42	9
17	43	16
17	45	9
17	48	1
17	53	12
17	57	4
17	61	11
17	62	7
17	70	16
17	76	13
17	81	7
17	93	14
17	94	8
17	96	18
17	97	9
17	107	1
17	115	15
17	117	3
17	120	18
17	123	19
17	130	1
17	133	1
17	135	9
17	136	3
17	142	19
17	144	19
17	149	6
17	152	18
17	155	7
17	156	4
17	157	8
17	160	9
17	166	3
17	169	1
17	170	5
17	186	7
18	1	2
18	2	4
18	4	17
18	5	4
18	8	19
18	13	1
18	14	3
18	15	16
18	17	18
18	19	11
18	20	8
18	21	18
18	24	14
18	26	7
18	27	19
18	29	13
18	31	3
18	44	9
18	48	5
18	54	11
18	56	6
18	57	2
18	61	5
18	66	9
18	72	8
18	81	4
18	94	14
18	96	18
18	97	19
18	101	15
18	102	12
18	103	20
18	107	12
18	111	5
18	112	2
18	114	12
18	126	16
18	130	10
18	133	8
18	134	17
18	141	2
18	150	10
18	151	17
18	158	20
18	161	3
18	169	17
18	171	7
18	181	3
18	187	1
19	2	5
19	8	20
19	10	11
19	17	16
19	18	4
19	20	4
19	25	1
19	28	16
19	35	10
19	40	18
19	41	16
19	42	1
19	43	7
19	56	18
19	57	14
19	59	19
19	62	12
19	63	15
19	72	7
19	74	15
19	81	2
19	91	20
19	92	7
19	93	4
19	94	10
19	99	6
19	106	9
19	111	20
19	120	4
19	121	19
19	124	18
19	126	4
19	130	6
19	135	1
19	137	10
19	157	19
19	162	18
19	164	1
19	165	14
19	171	2
19	175	9
19	180	17
19	188	11
19	195	16
19	196	19
20	2	13
20	3	5
20	16	13
20	17	8
20	18	3
20	19	8
20	21	32
20	34	8
20	36	17
20	37	14
20	42	19
20	43	5
20	46	12
20	47	5
20	61	11
20	65	14
20	69	1
20	78	8
20	79	13
20	89	9
20	90	3
20	94	17
20	100	6
20	103	8
20	104	16
20	106	4
20	108	6
20	116	13
20	120	5
20	123	1
20	127	18
20	133	7
20	134	4
20	135	4
20	137	15
20	143	8
20	151	14
20	152	8
20	166	5
20	170	10
20	174	10
20	180	20
20	184	15
20	188	3
20	194	13
20	196	3
21	2	15
21	7	1
21	12	15
21	19	3
21	20	16
21	22	13
21	29	20
21	40	19
21	41	13
21	44	4
21	49	2
21	50	19
21	54	6
21	58	16
21	60	17
21	61	7
21	62	18
21	63	1
21	71	16
21	77	17
21	79	8
21	84	14
21	93	6
21	96	11
21	107	19
21	112	9
21	113	4
21	115	12
21	123	15
21	127	3
21	128	7
21	131	3
21	133	5
21	135	18
21	136	8
21	138	8
21	140	5
21	143	3
21	146	6
21	147	17
21	148	6
21	150	5
21	155	16
21	156	14
21	158	11
21	159	15
21	160	15
21	176	9
21	178	8
21	183	20
21	184	8
21	185	3
21	188	1
21	189	15
21	192	12
21	193	3
21	194	11
21	195	2
21	198	5
22	1	9
22	2	14
22	10	19
22	12	18
22	13	10
22	20	11
22	21	8
22	23	40
22	26	13
22	39	17
22	41	12
22	42	1
22	48	20
22	50	20
22	57	12
22	60	5
22	64	17
22	67	18
22	72	6
22	73	6
22	74	3
22	75	2
22	84	16
22	85	4
22	88	12
22	91	16
22	94	16
22	96	20
22	99	5
22	102	13
22	106	6
22	112	10
22	118	7
22	130	2
22	132	3
22	133	9
22	141	10
22	142	4
22	143	3
22	145	18
22	149	20
22	150	6
22	153	7
22	158	7
22	159	14
22	165	18
22	169	10
22	170	7
22	172	17
22	173	5
22	174	2
22	175	20
22	176	1
22	177	10
22	182	16
22	183	12
22	185	18
22	187	20
22	188	3
22	191	8
23	2	2
23	9	18
23	22	17
23	24	1
23	26	9
23	29	4
23	34	9
23	38	13
23	42	9
23	43	2
23	59	4
23	60	13
23	64	14
23	66	19
23	76	10
23	91	5
23	95	16
23	99	2
23	100	5
23	108	18
23	119	11
23	124	4
23	127	11
23	129	20
23	133	16
23	134	9
23	142	12
23	153	15
23	154	15
23	156	10
23	162	8
23	168	10
23	175	9
23	183	4
23	186	9
23	189	18
23	190	14
23	200	4
24	7	20
24	8	17
24	10	9
24	12	17
24	21	13
24	23	7
24	25	10
24	32	7
24	39	7
24	42	14
24	49	16
24	53	8
24	54	9
24	57	19
24	59	6
24	66	17
24	75	4
24	84	14
24	85	4
24	91	2
24	95	12
24	97	10
24	101	12
24	102	2
24	104	13
24	107	9
24	113	14
24	130	7
24	133	10
24	143	3
24	144	14
24	145	2
24	148	10
24	150	18
24	151	2
24	153	14
24	161	11
24	168	2
24	169	18
24	174	15
24	187	18
24	188	5
24	192	7
25	2	10
25	6	6
25	8	13
25	14	8
25	16	4
25	24	20
25	26	5
25	31	4
25	32	8
25	34	5
25	36	13
25	38	20
25	40	10
25	41	5
25	49	20
25	50	7
25	52	4
25	56	11
25	66	7
25	69	3
25	73	12
25	84	11
25	86	18
25	107	4
25	114	13
25	121	6
25	126	10
25	128	13
25	135	4
25	138	5
25	142	1
25	146	3
25	149	3
25	150	19
25	151	4
25	152	13
25	153	2
25	156	2
25	163	6
25	165	13
25	172	16
25	176	16
25	180	12
25	181	3
25	187	18
25	189	12
25	190	1
25	191	6
25	193	19
25	194	16
25	198	17
26	8	3
26	11	14
26	15	15
26	21	20
26	24	4
26	25	14
26	27	8
26	47	7
26	49	6
26	51	9
26	58	8
26	64	5
26	69	8
26	71	5
26	77	14
26	86	20
26	87	9
26	94	4
26	98	1
26	101	1
26	103	7
26	106	15
26	111	15
26	116	14
26	127	3
26	129	15
26	134	11
26	146	14
26	152	13
26	157	8
26	160	12
26	165	17
26	170	16
26	191	13
26	193	15
26	198	16
27	3	12
27	14	10
27	24	15
27	26	19
27	28	16
27	38	7
27	39	19
27	47	2
27	48	6
27	52	4
27	59	12
27	61	13
27	62	16
27	70	16
27	76	13
27	84	15
27	87	19
27	91	13
27	92	1
27	102	6
27	110	4
27	118	11
27	120	10
27	124	1
27	125	13
27	126	14
27	128	1
27	131	7
27	135	7
27	138	7
27	139	5
27	147	3
27	160	11
27	169	15
27	171	12
27	175	17
27	177	14
27	182	18
27	186	20
27	187	5
27	191	3
27	198	9
27	199	3
28	2	13
28	6	5
28	7	18
28	15	7
28	19	15
28	20	5
28	21	15
28	27	15
28	29	26
28	38	16
28	40	17
28	42	13
28	45	17
28	47	2
28	48	8
28	50	20
28	57	3
28	58	14
28	64	17
28	66	6
28	68	15
28	73	18
28	76	6
28	78	20
28	79	10
28	89	11
28	94	13
28	95	16
28	96	3
28	103	19
28	107	15
28	113	11
28	127	8
28	131	10
28	135	8
28	136	4
28	138	13
28	140	20
28	141	16
28	153	10
28	156	15
28	161	17
28	169	15
28	173	5
28	174	12
28	176	14
28	182	15
28	187	14
28	188	16
28	196	8
28	197	13
29	4	8
29	13	5
29	18	1
29	23	16
29	25	6
29	26	2
29	28	6
29	30	11
29	33	4
29	39	5
29	48	15
29	49	20
29	56	5
29	59	15
29	66	17
29	69	16
29	71	1
29	72	6
29	73	19
29	75	13
29	76	11
29	80	3
29	84	3
29	85	18
29	86	2
29	91	19
29	92	20
29	100	3
29	109	9
29	111	9
29	115	14
29	118	11
29	121	18
29	122	6
29	123	10
29	127	5
29	138	10
29	145	9
29	152	8
29	153	5
29	155	11
29	162	4
29	170	11
29	175	9
29	178	6
29	180	5
29	181	8
29	183	10
30	1	15
30	3	9
30	11	6
30	13	20
30	16	2
30	19	1
30	22	14
30	28	14
30	29	6
30	31	24
30	37	6
30	39	5
30	43	3
30	44	4
30	46	17
30	48	13
30	49	4
30	63	6
30	64	7
30	72	19
30	75	16
30	76	3
30	80	9
30	81	4
30	87	16
30	91	5
30	97	1
30	100	12
30	101	13
30	104	17
30	110	11
30	112	18
30	115	18
30	117	10
30	118	5
30	119	14
30	121	17
30	122	3
30	125	8
30	130	12
30	131	5
30	133	7
30	135	2
30	141	15
30	143	19
30	146	12
30	147	1
30	152	5
30	153	14
30	155	19
30	186	10
30	188	8
30	191	11
30	196	13
31	10	11
31	17	12
31	25	20
31	30	28
31	32	9
31	34	2
31	37	12
31	38	15
31	39	13
31	44	11
31	48	7
31	50	12
31	58	2
31	59	3
31	66	5
31	69	7
31	71	1
31	80	15
31	86	2
31	87	11
31	89	16
31	90	12
31	92	12
31	93	10
31	105	3
31	118	15
31	126	2
31	135	13
31	137	7
31	138	4
31	139	17
31	140	6
31	142	11
31	144	18
31	146	11
31	147	19
31	149	18
31	155	19
31	159	1
31	160	12
31	165	18
31	169	8
31	173	6
31	175	4
31	189	6
31	192	19
31	193	6
32	1	3
32	4	4
32	5	14
32	6	13
32	8	20
32	10	3
32	11	5
32	26	13
32	28	12
32	31	38
32	33	8
32	34	1
32	48	16
32	49	11
32	51	12
32	61	7
32	64	5
32	66	2
32	70	14
32	71	13
32	72	7
32	73	12
32	75	10
32	77	10
32	78	18
32	80	18
32	81	12
32	92	10
32	100	1
32	101	11
32	111	15
32	112	3
32	123	7
32	124	14
32	125	4
32	127	4
32	128	16
32	143	13
32	145	4
32	160	9
32	163	1
32	164	18
32	166	7
32	169	17
32	175	1
32	183	12
32	188	18
32	189	9
32	193	9
32	195	13
33	3	8
33	7	17
33	8	2
33	19	9
33	22	15
33	24	17
33	25	19
33	32	1
33	34	8
33	39	3
33	43	13
33	44	8
33	46	7
33	47	20
33	49	19
33	50	6
33	52	18
33	60	1
33	62	18
33	65	5
33	66	5
33	67	15
33	75	4
33	76	5
33	79	15
33	81	3
33	90	9
33	94	10
33	108	15
33	110	5
33	127	7
33	128	5
33	132	1
33	135	19
33	140	2
33	144	11
33	146	18
33	148	19
33	149	17
33	154	14
33	163	17
33	170	16
33	184	6
33	185	11
33	190	9
33	192	8
33	194	16
33	197	5
34	1	6
34	5	12
34	8	16
34	13	10
34	22	18
34	33	40
34	35	6
34	37	10
34	43	13
34	66	5
34	73	19
34	74	5
34	80	10
34	82	13
34	83	20
34	91	1
34	94	12
34	95	15
34	97	2
34	98	9
34	103	11
34	104	6
34	107	8
34	109	11
34	117	20
34	130	14
34	132	2
34	133	9
34	135	18
34	136	15
34	140	8
34	141	3
34	142	12
34	148	18
34	152	14
34	153	8
34	154	9
34	157	11
34	159	12
34	162	19
34	173	10
34	174	13
34	176	10
34	178	5
34	185	17
34	193	18
34	195	8
34	199	15
35	5	8
35	10	9
35	13	10
35	14	17
35	22	10
35	23	12
35	27	8
35	28	11
35	29	2
35	34	6
35	36	9
35	54	4
35	57	18
35	73	10
35	76	11
35	82	13
35	91	5
35	93	9
35	95	17
35	96	19
35	111	17
35	112	13
35	115	2
35	121	6
35	122	1
35	134	6
35	137	12
35	145	2
35	146	11
35	150	5
35	158	11
35	160	4
35	161	16
35	175	15
35	180	16
35	187	2
36	1	15
36	2	12
36	11	7
36	14	19
36	15	5
36	17	6
36	23	13
36	24	6
36	25	13
36	35	18
36	37	5
36	38	10
36	44	17
36	45	9
36	48	6
36	50	9
36	51	17
36	52	9
36	53	2
36	54	12
36	57	15
36	60	16
36	67	18
36	72	8
36	77	11
36	83	14
36	86	2
36	89	16
36	91	11
36	95	13
36	98	1
36	106	9
36	111	19
36	113	13
36	115	6
36	117	14
36	118	2
36	121	6
36	122	17
36	123	12
36	131	9
36	132	9
36	136	18
36	139	14
36	140	5
36	142	3
36	149	18
36	153	3
36	155	12
36	159	15
36	160	8
36	165	4
36	166	20
36	184	13
36	193	7
37	2	20
37	7	5
37	8	9
37	12	18
37	13	7
37	15	12
37	16	6
37	17	12
37	28	13
37	31	9
37	33	2
37	34	9
37	36	5
37	38	3
37	44	5
37	50	20
37	52	1
37	55	9
37	60	20
37	62	4
37	63	13
37	67	19
37	71	20
37	74	14
37	78	18
37	81	2
37	82	15
37	84	12
37	86	11
37	87	5
37	89	3
37	93	11
37	94	16
37	97	6
37	104	3
37	107	14
37	108	9
37	112	6
37	114	14
37	119	12
37	120	18
37	128	9
37	129	2
37	133	10
37	135	4
37	142	20
37	153	8
37	156	4
37	157	17
37	159	15
37	162	1
37	163	4
37	165	6
37	166	15
37	173	14
37	174	1
37	175	14
37	177	16
37	185	10
37	198	10
38	5	12
38	8	16
38	13	11
38	14	6
38	18	15
38	19	17
38	24	17
38	26	4
38	32	6
38	35	2
38	37	3
38	39	9
38	42	19
38	44	18
38	45	2
38	46	14
38	51	6
38	53	10
38	55	20
38	56	6
38	58	8
38	73	2
38	74	15
38	75	7
38	85	6
38	91	18
38	111	3
38	116	11
38	124	11
38	127	1
38	130	4
38	133	17
38	136	14
38	141	10
38	143	6
38	151	6
38	156	4
38	157	9
38	168	19
38	172	11
38	173	9
38	174	2
38	177	17
38	186	17
38	189	7
38	193	18
39	4	5
39	14	14
39	18	3
39	20	8
39	21	7
39	27	19
39	28	6
39	30	18
39	31	1
39	36	7
39	38	8
39	40	18
39	41	8
39	42	8
39	46	18
39	49	9
39	53	11
39	55	10
39	56	1
39	58	19
39	76	7
39	77	2
39	82	15
39	93	6
39	94	11
39	104	12
39	105	13
39	109	15
39	110	7
39	114	19
39	116	3
39	117	18
39	121	18
39	122	8
39	125	11
39	128	15
39	133	6
39	134	16
39	135	6
39	136	17
39	149	12
39	153	13
39	157	4
39	158	12
39	159	15
39	164	2
39	168	16
39	169	1
39	174	15
39	177	14
39	187	9
39	190	20
39	193	6
39	197	2
39	198	2
39	199	4
40	12	19
40	16	15
40	18	12
40	19	10
40	23	17
40	24	13
40	25	8
40	32	1
40	39	8
40	41	12
40	43	4
40	53	1
40	58	14
40	61	19
40	63	8
40	64	15
40	65	7
40	68	7
40	73	10
40	74	4
40	75	15
40	77	15
40	79	2
40	83	2
40	87	13
40	100	9
40	102	12
40	110	10
40	114	2
40	117	12
40	118	14
40	130	9
40	136	7
40	140	4
40	146	12
40	147	15
40	152	8
40	154	13
40	159	19
40	160	10
40	176	9
40	180	11
40	183	13
40	185	10
40	193	4
40	198	3
41	1	16
41	2	9
41	3	14
41	5	6
41	10	8
41	11	5
41	12	7
41	16	14
41	17	13
41	30	15
41	40	1
41	42	7
41	45	17
41	48	3
41	51	6
41	52	18
41	58	5
41	59	2
41	74	16
41	80	6
41	85	4
41	89	18
41	95	20
41	98	18
41	101	19
41	102	14
41	103	2
41	106	2
41	108	20
41	121	18
41	126	4
41	127	19
41	132	1
41	133	19
41	135	18
41	136	17
41	140	2
41	150	9
41	153	10
41	156	3
41	165	19
41	166	20
41	169	8
41	170	6
41	179	8
41	180	1
41	182	2
41	187	18
41	189	3
41	191	19
41	200	1
42	1	18
42	6	13
42	11	8
42	13	8
42	14	20
42	15	11
42	21	15
42	23	6
42	24	11
42	32	2
42	37	6
42	39	19
42	41	10
42	43	16
42	45	8
42	47	1
42	49	15
42	59	5
42	62	8
42	79	12
42	82	16
42	83	17
42	84	5
42	86	12
42	95	11
42	103	9
42	105	17
42	113	17
42	118	4
42	127	16
42	128	17
42	131	18
42	133	7
42	136	18
42	138	16
42	140	3
42	142	4
42	143	13
42	146	16
42	147	12
42	153	17
42	166	12
42	167	20
42	169	12
42	173	17
42	174	9
42	175	14
42	178	9
42	186	1
42	188	3
42	192	14
42	194	19
42	198	19
43	3	20
43	5	1
43	11	1
43	14	15
43	18	14
43	28	20
43	31	12
43	33	3
43	35	4
43	39	7
43	42	16
43	44	1
43	55	12
43	56	10
43	57	2
43	58	7
43	59	20
43	62	8
43	63	9
43	78	14
43	79	11
43	92	6
43	98	12
43	101	16
43	106	12
43	112	9
43	134	13
43	136	5
43	143	11
43	144	18
43	145	14
43	156	1
43	169	13
43	181	17
43	184	12
43	191	9
44	2	11
44	3	13
44	6	10
44	7	6
44	8	9
44	10	2
44	26	8
44	27	16
44	29	15
44	35	15
44	43	26
44	45	1
44	47	14
44	53	18
44	56	12
44	58	5
44	79	7
44	104	7
44	111	17
44	112	8
44	116	6
44	121	8
44	122	7
44	124	10
44	129	19
44	132	7
44	135	10
44	139	16
44	142	11
44	146	14
44	150	8
44	153	8
44	154	5
44	155	18
44	156	18
44	162	7
44	165	19
44	166	15
44	168	16
44	169	16
44	170	1
44	173	1
44	174	13
44	178	18
44	181	16
44	182	2
44	183	5
44	185	13
44	186	20
44	193	6
44	195	4
45	7	14
45	14	19
45	16	7
45	20	6
45	21	6
45	23	2
45	24	13
45	38	10
45	44	1
45	46	7
45	51	18
45	58	2
45	64	5
45	65	15
45	69	17
45	80	9
45	81	20
45	88	12
45	90	9
45	97	20
45	99	6
45	107	4
45	108	10
45	113	9
45	114	1
45	115	9
45	116	14
45	129	9
45	138	18
45	141	12
45	144	20
45	145	17
45	146	5
45	147	16
45	151	19
45	156	3
45	182	4
45	185	7
45	186	1
45	187	16
45	188	15
45	191	12
45	195	20
45	198	8
46	4	9
46	6	13
46	9	20
46	11	19
46	18	14
46	19	20
46	20	2
46	24	17
46	26	10
46	28	6
46	31	15
46	32	16
46	33	15
46	35	18
46	36	18
46	40	16
46	43	4
46	45	4
46	47	6
46	50	6
46	54	13
46	55	6
46	58	7
46	60	8
46	63	17
46	66	20
46	70	8
46	85	8
46	88	11
46	91	12
46	93	7
46	94	4
46	98	20
46	103	17
46	108	17
46	111	18
46	114	17
46	115	5
46	122	13
46	124	5
46	125	5
46	132	8
46	139	5
46	142	8
46	143	16
46	144	15
46	149	19
46	154	15
46	160	17
46	161	1
46	164	20
46	166	20
46	172	14
46	173	8
46	175	20
46	180	7
46	183	2
46	188	10
46	189	9
46	193	4
46	199	11
47	1	17
47	8	20
47	16	11
47	19	4
47	20	10
47	22	18
47	24	10
47	27	1
47	38	12
47	42	5
47	44	7
47	46	5
47	48	40
47	53	16
47	62	4
47	65	8
47	66	19
47	69	18
47	71	19
47	86	20
47	87	18
47	88	18
47	89	1
47	91	18
47	99	4
47	107	10
47	110	16
47	116	1
47	118	14
47	128	2
47	135	10
47	141	18
47	145	14
47	150	9
47	156	14
47	165	17
47	168	11
47	169	6
47	172	12
47	173	11
47	179	12
47	180	11
47	183	11
47	184	3
47	185	10
47	187	1
48	11	16
48	13	19
48	14	17
48	18	19
48	22	18
48	25	12
48	30	12
48	32	18
48	35	3
48	37	15
48	38	5
48	41	9
48	42	14
48	47	1
48	49	1
48	51	11
48	54	16
48	56	8
48	58	1
48	63	11
48	64	5
48	65	16
48	67	19
48	73	8
48	75	10
48	77	4
48	80	10
48	85	10
48	86	2
48	89	11
48	92	11
48	97	8
48	106	9
48	109	6
48	110	10
48	114	13
48	123	1
48	125	2
48	129	3
48	130	1
48	135	19
48	141	3
48	149	19
48	150	7
48	151	14
48	155	4
48	156	15
48	159	18
48	164	8
48	165	18
48	171	3
48	173	3
48	175	7
48	177	4
48	179	6
48	185	13
48	187	10
48	190	19
48	193	14
48	195	5
49	8	17
49	9	8
49	11	8
49	13	1
49	16	3
49	19	5
49	20	20
49	25	19
49	33	15
49	37	16
49	42	11
49	48	6
49	50	17
49	52	6
49	60	14
49	61	2
49	62	16
49	67	8
49	70	6
49	73	9
49	78	1
49	79	6
49	86	9
49	91	18
49	98	1
49	110	2
49	115	2
49	117	13
49	118	20
49	119	14
49	126	1
49	128	6
49	130	5
49	133	7
49	137	6
49	144	18
49	147	12
49	148	16
49	151	17
49	152	2
49	157	8
49	161	19
49	162	19
49	166	8
49	169	9
49	176	12
49	181	19
49	187	19
49	191	15
49	192	8
49	195	15
49	198	15
50	2	19
50	3	13
50	6	19
50	7	11
50	16	6
50	19	8
50	30	6
50	36	9
50	40	7
50	49	6
50	51	7
50	57	9
50	63	5
50	66	14
50	76	10
50	78	9
50	83	20
50	84	6
50	90	10
50	91	2
50	94	12
50	100	4
50	104	8
50	105	8
50	107	12
50	109	11
50	122	11
50	124	7
50	137	5
50	141	15
50	143	7
50	145	2
50	146	13
50	149	8
50	155	10
50	156	13
50	160	4
50	163	7
50	168	12
50	174	2
50	182	2
50	183	17
50	187	16
50	194	12
50	195	11
50	200	1
51	1	15
51	2	1
51	7	8
51	18	9
51	27	11
51	28	3
51	33	1
51	41	12
51	42	18
51	44	2
51	47	16
51	50	10
51	52	32
51	62	14
51	63	17
51	67	6
51	69	15
51	71	5
51	79	18
51	81	15
51	91	13
51	94	18
51	95	17
51	98	6
51	100	17
51	104	15
51	112	7
51	117	13
51	125	16
51	126	10
51	139	6
51	145	11
51	152	20
51	154	4
51	155	2
51	157	13
51	158	8
51	159	1
51	166	15
51	167	18
51	174	11
51	176	19
51	178	19
51	185	14
51	189	19
51	195	2
51	197	20
51	198	7
51	199	14
52	4	5
52	5	18
52	12	13
52	18	12
52	23	16
52	24	11
52	32	5
52	35	17
52	38	6
52	49	6
52	51	10
52	53	5
52	64	14
52	74	1
52	75	12
52	78	18
52	81	11
52	87	3
52	94	12
52	107	9
52	108	18
52	114	4
52	116	1
52	117	5
52	137	7
52	142	11
52	150	4
52	152	4
52	157	2
52	164	11
52	170	2
52	172	17
52	184	3
52	185	6
52	186	16
52	187	8
52	199	20
53	7	18
53	10	13
53	12	18
53	16	4
53	17	12
53	18	20
53	21	11
53	23	11
53	29	17
53	36	17
53	39	16
53	40	5
53	42	18
53	43	9
53	45	4
53	50	5
53	52	18
53	54	26
53	61	17
53	62	3
53	66	14
53	67	16
53	77	17
53	81	17
53	83	14
53	86	19
53	91	6
53	93	1
53	94	16
53	100	6
53	106	19
53	108	11
53	109	2
53	115	4
53	123	14
53	124	10
53	126	1
53	134	19
53	136	5
53	140	3
53	141	16
53	142	12
53	150	11
53	151	10
53	158	1
53	160	13
53	161	10
53	163	6
53	164	2
53	168	8
53	174	7
53	175	15
53	182	20
53	190	2
53	194	9
53	195	11
53	198	6
53	199	8
54	5	16
54	15	5
54	16	14
54	24	19
54	25	17
54	29	3
54	32	2
54	53	1
54	55	2
54	57	8
54	59	4
54	60	3
54	61	4
54	73	16
54	79	3
54	80	19
54	84	3
54	85	20
54	94	10
54	95	5
54	99	3
54	101	18
54	102	11
54	103	8
54	106	17
54	111	16
54	117	13
54	121	6
54	124	3
54	126	10
54	132	3
54	140	20
54	148	12
54	151	2
54	152	4
54	154	15
54	155	19
54	162	4
54	165	7
54	169	9
54	174	19
54	178	17
54	187	18
54	191	13
54	197	14
54	198	15
54	200	12
55	3	7
55	4	12
55	5	13
55	9	1
55	12	20
55	13	10
55	15	14
55	24	15
55	30	1
55	33	3
55	44	4
55	45	20
55	46	18
55	49	7
55	51	12
55	54	17
55	56	19
55	58	4
55	61	6
55	62	3
55	64	5
55	76	5
55	78	13
55	79	2
55	81	11
55	82	2
55	84	17
55	86	16
55	87	12
55	92	9
55	94	8
55	99	3
55	103	14
55	105	11
55	108	12
55	114	14
55	115	8
55	120	12
55	137	13
55	138	3
55	141	8
55	146	3
55	147	6
55	151	19
55	161	7
55	167	10
55	171	17
55	172	14
55	180	4
55	184	19
55	187	8
55	190	2
55	192	19
55	194	5
55	197	17
55	198	9
56	6	2
56	10	2
56	11	10
56	16	15
56	17	2
56	20	4
56	25	7
56	26	7
56	28	15
56	29	16
56	31	12
56	46	8
56	49	15
56	55	4
56	57	26
56	58	11
56	65	13
56	69	11
56	72	6
56	75	5
56	79	16
56	85	16
56	91	3
56	92	20
56	93	1
56	98	14
56	99	18
56	102	11
56	104	10
56	118	6
56	123	15
56	131	9
56	134	6
56	136	13
56	141	4
56	142	17
56	149	5
56	150	12
56	154	5
56	157	1
56	160	12
56	166	9
56	167	13
56	179	1
56	185	16
56	188	19
56	194	9
56	195	7
56	199	13
57	5	7
57	6	14
57	12	12
57	14	5
57	15	15
57	16	9
57	19	13
57	36	14
57	43	13
57	45	8
57	47	4
57	48	10
57	50	18
57	56	11
57	58	2
57	60	13
57	61	7
57	63	18
57	67	13
57	72	14
57	79	10
57	82	18
57	83	8
57	93	20
57	98	12
57	100	18
57	104	17
57	109	10
57	110	15
57	115	4
57	119	9
57	124	9
57	126	19
57	133	16
57	139	13
57	141	9
57	143	11
57	145	4
57	146	11
57	156	11
57	158	9
57	159	2
57	162	1
57	166	9
57	170	7
57	173	14
57	180	1
57	182	12
57	187	9
57	189	19
57	198	10
57	199	20
58	1	16
58	3	16
58	10	6
58	13	3
58	18	4
58	24	14
58	25	6
58	28	14
58	29	20
58	31	4
58	32	15
58	35	3
58	37	18
58	41	16
58	44	15
58	51	11
58	57	16
58	59	9
58	71	6
58	72	9
58	74	13
58	79	16
58	82	19
58	83	7
58	85	10
58	87	7
58	90	2
58	94	18
58	95	9
58	99	14
58	106	19
58	108	3
58	109	4
58	110	8
58	113	14
58	117	8
58	118	2
58	123	13
58	125	2
58	134	9
58	136	11
58	140	3
58	141	19
58	147	11
58	154	15
58	159	16
58	160	10
58	161	14
58	170	6
58	173	20
58	177	3
58	180	6
58	182	17
58	183	14
58	186	13
58	188	17
58	189	15
58	190	9
58	194	15
59	1	16
59	5	5
59	7	12
59	20	13
59	22	17
59	31	4
59	32	18
59	34	14
59	37	18
59	51	8
59	55	14
59	57	8
59	58	4
59	60	20
59	63	10
59	64	3
59	70	4
59	74	12
59	76	17
59	79	11
59	80	14
59	87	1
59	93	3
59	95	3
59	97	2
59	106	7
59	110	2
59	112	20
59	123	7
59	124	1
59	135	12
59	137	14
59	138	14
59	141	16
59	151	15
59	152	19
59	153	8
59	155	19
59	159	17
59	160	3
59	166	8
59	168	6
59	172	1
59	176	6
59	179	3
59	186	1
59	191	17
59	193	15
59	200	3
60	2	11
60	8	17
60	14	13
60	23	13
60	27	15
60	34	1
60	35	13
60	39	2
60	41	17
60	46	4
60	50	12
60	53	3
60	59	18
60	61	4
60	65	5
60	66	5
60	67	14
60	68	16
60	81	8
60	89	11
60	94	12
60	99	3
60	100	6
60	105	1
60	106	17
60	107	13
60	111	3
60	116	5
60	121	8
60	126	15
60	130	5
60	132	10
60	137	20
60	140	15
60	144	13
60	145	18
60	182	16
60	186	9
60	193	20
60	194	16
60	196	5
61	4	20
61	7	9
61	15	20
61	16	15
61	19	2
61	24	1
61	25	5
61	30	10
61	33	5
61	34	20
61	55	12
61	58	2
61	60	12
61	62	15
61	66	15
61	67	10
61	68	17
61	71	14
61	74	17
61	75	6
61	81	12
61	88	3
61	94	12
61	104	14
61	109	6
61	113	18
61	120	8
61	121	20
61	123	20
61	125	4
61	126	18
61	129	7
61	133	10
61	135	16
61	138	8
61	148	19
61	149	7
61	158	10
61	169	18
61	170	12
61	171	11
61	172	2
61	174	1
61	176	1
61	177	3
61	178	19
61	179	14
61	186	19
61	188	19
61	193	1
61	195	2
61	198	7
61	200	9
62	6	13
62	8	12
62	9	5
62	26	13
62	27	2
62	28	10
62	31	12
62	35	5
62	37	6
62	38	20
62	39	13
62	42	16
62	45	1
62	50	18
62	52	2
62	58	12
62	60	2
62	61	6
62	63	7
62	69	18
62	70	11
62	71	7
62	72	18
62	82	10
62	92	8
62	95	1
62	98	5
62	101	16
62	102	18
62	104	20
62	105	14
62	114	8
62	115	12
62	116	5
62	120	7
62	124	7
62	128	19
62	131	12
62	138	15
62	139	16
62	146	15
62	148	6
62	149	4
62	154	19
62	156	6
62	163	13
62	164	17
62	168	14
62	169	18
62	173	8
62	177	2
62	181	17
62	182	15
62	199	13
62	200	4
63	2	5
63	5	1
63	6	20
63	8	10
63	25	17
63	29	2
63	35	15
63	41	1
63	42	18
63	47	5
63	50	11
63	53	15
63	56	2
63	57	1
63	58	9
63	62	22
63	64	1
63	65	13
63	69	5
63	75	18
63	78	6
63	81	1
63	83	9
63	87	6
63	88	6
63	91	1
63	98	11
63	101	13
63	102	5
63	106	12
63	107	20
63	113	16
63	115	19
63	116	7
63	124	11
63	126	20
63	136	7
63	141	17
63	143	15
63	144	14
63	164	20
63	173	3
63	178	5
63	181	19
63	182	2
63	186	5
63	189	11
63	191	3
63	197	12
64	2	20
64	13	17
64	14	13
64	16	6
64	30	1
64	34	20
64	35	1
64	37	7
64	42	19
64	43	4
64	46	17
64	52	9
64	61	20
64	63	24
64	65	19
64	66	15
64	67	20
64	70	18
64	71	19
64	74	16
64	80	13
64	84	10
64	85	14
64	86	11
64	88	5
64	92	4
64	96	12
64	97	12
64	100	5
64	104	19
64	109	9
64	110	11
64	112	5
64	114	8
64	115	11
64	117	8
64	124	17
64	128	18
64	131	11
64	138	11
64	139	15
64	144	6
64	145	18
64	147	14
64	148	2
64	149	5
64	152	4
64	153	15
64	156	13
64	163	13
64	166	13
64	167	8
64	179	18
64	186	1
64	194	6
64	199	4
65	1	9
65	2	18
65	17	6
65	19	1
65	20	1
65	21	10
65	25	10
65	28	19
65	34	4
65	40	4
65	46	10
65	48	3
65	49	9
65	53	18
65	54	12
65	56	4
65	58	20
65	62	16
65	64	16
65	66	6
65	71	12
65	75	3
65	76	8
65	78	6
65	81	15
65	82	11
65	85	15
65	87	13
65	98	19
65	100	4
65	103	13
65	104	11
65	105	8
65	107	4
65	108	5
65	109	16
65	110	2
65	117	20
65	118	1
65	119	3
65	121	15
65	125	18
65	129	13
65	131	18
65	139	10
65	142	8
65	149	19
65	155	12
65	166	3
65	169	11
65	175	19
65	177	6
65	183	1
65	194	1
65	197	5
65	199	3
66	3	20
66	5	18
66	12	17
66	15	10
66	19	19
66	20	8
66	24	10
66	34	20
66	43	15
66	52	5
66	60	11
66	63	4
66	65	9
66	67	6
66	68	2
66	74	6
66	81	5
66	83	18
66	87	5
66	89	5
66	90	20
66	91	8
66	101	20
66	103	7
66	106	6
66	121	20
66	123	18
66	125	1
66	127	17
66	129	6
66	130	11
66	135	9
66	140	8
66	142	4
66	143	2
66	149	6
66	153	4
66	159	18
66	163	8
66	165	9
66	171	11
66	185	7
66	191	8
66	194	15
66	197	9
66	198	16
66	199	19
67	12	5
67	14	7
67	18	2
67	31	13
67	32	9
67	34	3
67	35	15
67	38	14
67	40	9
67	43	6
67	49	8
67	52	18
67	55	2
67	59	13
67	62	11
67	66	38
67	68	1
67	80	1
67	82	11
67	83	19
67	91	4
67	100	19
67	105	8
67	109	18
67	111	19
67	115	8
67	117	15
67	120	4
67	121	17
67	122	4
67	125	4
67	126	19
67	130	10
67	133	5
67	134	20
67	140	10
67	141	3
67	143	18
67	145	9
67	148	16
67	153	7
67	159	18
67	161	4
67	165	15
67	166	16
67	169	12
67	174	3
67	176	17
67	182	16
67	185	9
67	194	2
67	197	16
67	199	19
68	3	7
68	6	3
68	9	15
68	12	1
68	15	11
68	16	12
68	20	4
68	21	2
68	22	6
68	24	12
68	35	16
68	36	10
68	44	17
68	45	9
68	46	16
68	51	19
68	61	20
68	63	14
68	67	10
68	69	20
68	72	16
68	74	20
68	77	9
68	79	1
68	80	1
68	86	14
68	90	2
68	102	20
68	104	5
68	106	5
68	125	18
68	130	6
68	132	1
68	133	13
68	141	1
68	145	19
68	149	14
68	157	13
68	166	5
68	177	17
68	182	7
68	183	3
68	184	16
68	190	18
68	198	13
68	199	10
68	200	11
69	4	9
69	7	1
69	8	2
69	13	15
69	14	4
69	17	8
69	22	3
69	26	14
69	27	13
69	35	11
69	40	7
69	43	2
69	50	6
69	55	10
69	57	19
69	58	15
69	66	5
69	67	16
69	68	18
69	70	8
69	75	11
69	89	17
69	98	12
69	104	5
69	121	14
69	123	13
69	133	20
69	135	10
69	136	14
69	140	14
69	145	5
69	148	12
69	149	6
69	153	19
69	157	6
69	161	5
69	172	5
69	180	3
69	183	8
69	187	11
69	197	1
69	199	8
69	200	14
70	5	5
70	9	19
70	10	4
70	15	19
70	25	16
70	26	20
70	38	14
70	39	13
70	49	4
70	56	1
70	59	10
70	61	11
70	67	4
70	69	9
70	71	8
70	95	9
70	96	16
70	98	11
70	101	17
70	104	5
70	105	5
70	107	15
70	112	17
70	115	18
70	121	2
70	131	3
70	133	17
70	134	2
70	142	1
70	149	20
70	152	17
70	154	16
70	159	12
70	162	13
70	166	15
70	170	20
70	173	9
70	179	4
70	180	4
70	185	9
70	188	12
70	189	18
70	191	8
70	195	13
70	200	8
71	2	3
71	6	13
71	13	13
71	17	11
71	19	7
71	20	18
71	21	16
71	22	3
71	28	17
71	31	2
71	35	7
71	40	15
71	47	1
71	54	12
71	59	16
71	61	11
71	70	16
71	72	17
71	73	18
71	76	9
71	79	13
71	81	3
71	84	12
71	85	4
71	93	15
71	100	13
71	107	8
71	113	4
71	117	18
71	119	12
71	121	14
71	125	7
71	130	3
71	131	20
71	135	8
71	138	19
71	139	18
71	141	15
71	147	4
71	150	17
71	151	2
71	156	8
71	158	9
71	164	4
71	169	8
71	175	10
71	178	9
71	183	16
71	195	10
71	198	5
72	5	1
72	6	3
72	7	15
72	8	10
72	9	13
72	20	19
72	27	9
72	30	5
72	38	19
72	45	13
72	49	11
72	51	12
72	59	3
72	63	13
72	64	1
72	71	19
72	73	22
72	77	12
72	79	9
72	80	3
72	81	18
72	83	12
72	87	10
72	89	13
72	90	19
72	94	18
72	97	14
72	99	17
72	111	1
72	113	6
72	114	8
72	122	3
72	123	15
72	124	13
72	135	11
72	137	2
72	141	16
72	143	10
72	154	17
72	155	13
72	162	15
72	167	20
72	173	19
72	174	6
72	175	15
72	181	10
72	184	9
72	189	11
72	190	10
72	191	3
72	193	20
72	194	18
73	4	19
73	11	13
73	20	2
73	21	16
73	33	4
73	37	16
73	39	7
73	45	5
73	51	11
73	56	2
73	62	10
73	67	19
73	70	10
73	72	20
73	74	14
73	75	6
73	78	20
73	82	9
73	87	1
73	89	5
73	93	13
73	96	4
73	97	16
73	104	15
73	105	7
73	110	12
73	111	9
73	112	7
73	122	14
73	126	3
73	131	13
73	133	13
73	137	7
73	141	18
73	145	9
73	146	17
73	148	6
73	149	17
73	150	16
73	155	14
73	159	11
73	160	14
73	164	4
73	166	4
73	171	5
73	172	13
73	177	16
73	182	19
73	183	18
73	185	3
73	192	18
73	199	16
74	1	18
74	7	12
74	12	17
74	14	3
74	15	7
74	25	18
74	32	19
74	42	5
74	43	18
74	50	6
74	55	4
74	58	15
74	59	16
74	64	4
74	65	5
74	71	16
74	73	12
74	75	20
74	82	12
74	83	11
74	84	7
74	89	1
74	90	1
74	93	15
74	95	17
74	99	12
74	105	6
74	112	5
74	115	7
74	124	16
74	136	5
74	143	3
74	148	8
74	153	1
74	158	9
74	164	2
74	165	17
74	167	20
74	168	7
74	173	2
74	174	17
74	176	15
74	178	6
74	179	4
74	181	11
74	193	10
74	200	4
75	3	1
75	6	20
75	15	15
75	17	5
75	22	13
75	25	14
75	41	8
75	42	17
75	43	1
75	53	18
75	55	19
75	64	17
75	71	16
75	74	9
75	76	20
75	83	10
75	86	4
75	87	4
75	91	4
75	95	20
75	98	8
75	101	11
75	102	16
75	106	14
75	109	16
75	113	20
75	115	20
75	117	10
75	120	12
75	121	15
75	122	20
75	124	1
75	128	4
75	129	17
75	131	13
75	136	15
75	144	4
75	156	8
75	166	7
75	168	14
75	169	4
75	172	11
75	188	17
75	194	16
75	195	4
75	196	3
76	1	20
76	5	14
76	13	7
76	16	16
76	18	12
76	37	15
76	40	13
76	42	5
76	45	18
76	50	14
76	51	13
76	53	8
76	59	2
76	73	14
76	75	14
76	77	4
76	78	9
76	84	2
76	94	13
76	100	14
76	101	17
76	102	13
76	104	20
76	105	5
76	114	11
76	122	19
76	128	3
76	132	3
76	133	2
76	134	7
76	135	17
76	137	18
76	140	19
76	144	4
76	145	17
76	147	14
76	152	17
76	155	9
76	161	12
76	170	9
76	173	4
76	175	18
76	189	11
76	190	12
76	192	12
76	194	7
76	199	17
77	1	2
77	2	19
77	5	7
77	6	18
77	7	20
77	30	13
77	32	9
77	37	7
77	45	2
77	49	2
77	56	19
77	63	12
77	69	2
77	71	1
77	76	36
77	78	15
77	79	15
77	83	20
77	84	11
77	87	16
77	91	6
77	94	11
77	96	1
77	97	11
77	100	12
77	115	14
77	116	12
77	118	16
77	121	14
77	146	6
77	150	18
77	155	11
77	156	1
77	160	11
77	164	15
77	166	17
77	169	13
77	180	16
77	185	11
77	188	9
77	189	6
77	191	13
77	193	16
77	199	14
78	1	8
78	6	9
78	10	7
78	13	10
78	14	6
78	24	2
78	28	20
78	40	9
78	41	14
78	52	2
78	55	16
78	57	12
78	60	20
78	64	18
78	65	4
78	68	2
78	70	10
78	77	7
78	79	4
78	82	14
78	86	19
78	87	20
78	91	11
78	92	7
78	95	4
78	101	3
78	104	6
78	105	3
78	110	10
78	115	17
78	121	8
78	128	10
78	135	16
78	143	19
78	151	4
78	152	16
78	154	3
78	155	16
78	163	17
78	166	7
78	173	16
78	174	16
78	175	8
78	182	4
78	184	13
78	188	8
78	189	16
78	190	4
78	194	9
78	197	3
78	199	13
78	200	12
79	1	16
79	8	6
79	9	5
79	10	8
79	12	5
79	20	19
79	28	12
79	33	9
79	36	8
79	45	15
79	47	20
79	53	11
79	55	1
79	57	17
79	66	6
79	68	9
79	73	16
79	78	18
79	80	1
79	83	11
79	85	15
79	88	19
79	89	10
79	91	6
79	104	18
79	108	13
79	109	4
79	120	18
79	121	6
79	127	6
79	132	3
79	134	4
79	135	11
79	138	8
79	148	3
79	153	5
79	156	10
79	159	17
79	163	1
79	165	2
79	166	3
79	169	12
79	175	2
79	185	4
79	191	6
79	197	6
79	198	2
79	200	11
80	9	2
80	11	5
80	13	6
80	15	17
80	16	7
80	17	19
80	22	2
80	33	7
80	34	4
80	35	9
80	43	12
80	44	12
80	46	15
80	53	19
80	56	16
80	59	18
80	62	12
80	71	9
80	74	15
80	79	6
80	81	7
80	84	19
80	86	3
80	92	11
80	96	16
80	105	20
80	107	9
80	139	12
80	141	17
80	152	17
80	154	7
80	158	13
80	164	13
80	165	1
80	168	9
80	171	2
80	172	20
80	174	4
80	189	13
80	191	14
80	193	7
80	194	16
80	196	9
80	197	2
80	200	11
81	10	1
81	13	18
81	14	20
81	20	9
81	35	13
81	37	2
81	38	8
81	50	13
81	54	14
81	63	2
81	80	6
81	82	17
81	84	11
81	86	16
81	90	7
81	91	10
81	104	6
81	106	14
81	108	17
81	109	4
81	111	11
81	124	12
81	128	20
81	133	4
81	134	20
81	135	2
81	145	12
81	149	19
81	155	2
81	156	2
81	157	14
81	158	13
81	163	12
81	166	17
81	170	1
81	175	10
81	177	3
81	181	18
81	186	18
81	189	15
82	11	10
82	14	12
82	15	19
82	23	18
82	29	18
82	34	19
82	36	5
82	37	1
82	40	11
82	41	18
82	44	18
82	46	10
82	48	2
82	49	9
82	68	14
82	69	4
82	70	4
82	77	9
82	79	20
82	80	5
82	81	3
82	83	8
82	86	19
82	89	7
82	95	10
82	97	4
82	103	7
82	115	8
82	119	15
82	121	12
82	124	6
82	127	10
82	130	6
82	137	7
82	145	17
82	147	15
82	149	6
82	153	6
82	156	13
82	157	18
82	158	20
82	163	12
82	164	17
82	167	20
82	171	10
82	172	4
82	173	14
82	191	6
83	5	16
83	11	3
83	13	7
83	15	15
83	16	14
83	17	14
83	19	2
83	20	18
83	27	13
83	28	8
83	43	6
83	45	1
83	53	14
83	59	8
83	78	2
83	81	12
83	82	40
83	84	1
83	92	15
83	95	16
83	96	7
83	101	3
83	112	1
83	116	15
83	120	9
83	123	5
83	124	18
83	125	9
83	129	16
83	132	11
83	135	9
83	140	19
83	142	11
83	143	13
83	144	15
83	147	2
83	156	15
83	163	19
83	166	13
83	169	20
83	170	15
83	173	3
83	178	1
83	180	6
83	185	18
83	193	15
83	196	3
84	5	20
84	8	10
84	10	2
84	12	6
84	18	11
84	22	11
84	24	5
84	28	10
84	32	11
84	34	19
84	43	6
84	44	10
84	52	7
84	54	8
84	59	6
84	65	1
84	67	18
84	70	20
84	71	12
84	78	15
84	83	14
84	85	20
84	106	6
84	107	4
84	110	15
84	117	5
84	118	6
84	119	2
84	120	8
84	133	14
84	135	6
84	148	19
84	161	1
84	167	17
84	173	11
84	174	11
84	175	19
84	181	20
84	192	8
84	194	4
84	196	10
84	199	3
84	200	14
85	5	20
85	13	12
85	19	6
85	28	17
85	36	6
85	39	6
85	44	12
85	47	17
85	49	2
85	51	9
85	52	2
85	57	14
85	58	18
85	62	6
85	72	14
85	73	17
85	74	1
85	80	11
85	84	15
85	86	2
85	92	17
85	94	8
85	98	14
85	105	9
85	106	5
85	108	13
85	110	13
85	112	15
85	115	6
85	130	18
85	132	16
85	134	12
85	149	8
85	155	7
85	156	5
85	161	5
85	170	7
85	173	6
85	174	2
85	176	16
85	179	3
85	180	9
85	181	10
85	182	10
85	185	15
85	197	14
85	200	9
86	2	13
86	6	20
86	14	17
86	15	14
86	16	4
86	21	6
86	42	8
86	43	13
86	44	2
86	48	4
86	52	9
86	55	14
86	56	11
86	57	6
86	59	1
86	60	4
86	67	9
86	72	2
86	79	20
86	80	12
86	81	10
86	82	2
86	85	2
86	87	12
86	89	15
86	92	5
86	94	12
86	95	1
86	105	11
86	111	8
86	114	5
86	119	17
86	121	17
86	122	16
86	125	20
86	126	14
86	127	6
86	130	8
86	132	14
86	133	8
86	134	11
86	145	17
86	148	9
86	152	5
86	157	18
86	158	7
86	168	6
86	173	17
86	178	20
86	183	6
86	190	12
86	192	11
86	194	8
87	1	14
87	7	12
87	14	12
87	17	5
87	25	4
87	27	10
87	29	7
87	32	13
87	34	10
87	38	18
87	39	20
87	46	5
87	51	18
87	52	7
87	58	3
87	60	12
87	62	1
87	66	4
87	67	18
87	70	18
87	71	12
87	72	4
87	77	20
87	79	7
87	81	17
87	86	8
87	88	36
87	89	17
87	90	11
87	95	14
87	99	17
87	103	13
87	108	2
87	111	11
87	122	8
87	124	15
87	128	1
87	132	9
87	141	5
87	148	2
87	152	18
87	155	6
87	156	5
87	159	16
87	161	9
87	165	7
87	167	8
87	169	18
87	176	1
87	177	15
87	180	5
87	182	19
87	185	1
87	189	3
87	191	14
87	194	11
87	200	14
88	6	16
88	7	10
88	8	5
88	10	12
88	12	12
88	13	17
88	24	7
88	26	10
88	31	5
88	33	2
88	46	20
88	47	7
88	52	13
88	53	17
88	55	19
88	59	13
88	65	12
88	71	9
88	81	5
88	82	14
88	84	10
88	85	2
88	87	9
88	89	8
88	91	2
88	93	3
88	95	2
88	100	15
88	101	9
88	106	10
88	108	7
88	110	4
88	114	19
88	119	1
88	123	11
88	137	10
88	138	4
88	139	14
88	142	3
88	147	12
88	151	19
88	156	11
88	158	12
88	164	14
88	168	1
88	174	10
88	178	16
88	182	5
88	183	6
88	184	19
88	193	3
88	197	3
89	11	3
89	18	15
89	20	11
89	24	4
89	26	1
89	29	13
89	36	15
89	41	12
89	44	19
89	45	11
89	49	12
89	55	10
89	59	2
89	67	17
89	71	13
89	72	5
89	74	20
89	75	14
89	80	2
89	81	5
89	82	6
89	83	6
89	88	4
89	90	6
89	92	7
89	94	16
89	99	14
89	110	19
89	118	7
89	121	15
89	135	20
89	138	12
89	139	12
89	142	16
89	143	18
89	152	16
89	153	7
89	165	6
89	170	5
89	176	6
89	180	16
89	182	12
89	187	7
89	190	5
89	192	1
89	194	12
90	2	14
90	5	11
90	9	16
90	12	17
90	15	15
90	17	5
90	22	16
90	23	10
90	26	15
90	50	6
90	51	3
90	53	11
90	60	15
90	61	16
90	65	4
90	67	17
90	69	5
90	72	17
90	73	13
90	74	11
90	76	7
90	78	7
90	81	11
90	83	20
90	85	1
90	87	3
90	89	16
90	91	4
90	94	18
90	104	13
90	105	1
90	119	14
90	123	14
90	125	9
90	131	12
90	137	7
90	149	15
90	150	5
90	152	12
90	161	17
90	168	18
90	175	9
90	176	15
90	178	11
90	179	1
90	187	19
90	190	17
90	191	11
90	195	8
90	198	18
91	5	20
91	6	5
91	12	16
91	18	3
91	29	13
91	40	7
91	62	15
91	66	13
91	69	10
91	73	15
91	75	2
91	77	3
91	80	5
91	85	8
91	90	4
91	92	34
91	94	2
91	99	16
91	101	3
91	105	16
91	108	10
91	114	1
91	120	9
91	122	13
91	126	1
91	127	4
91	129	18
91	135	20
91	137	13
91	139	1
91	141	6
91	148	9
91	150	18
91	152	3
91	153	18
91	156	17
91	166	1
91	170	1
91	178	9
91	184	1
91	190	1
91	191	2
91	194	3
92	11	19
92	16	3
92	17	5
92	18	9
92	19	18
92	25	14
92	28	12
92	34	14
92	38	8
92	39	14
92	51	11
92	52	4
92	57	14
92	67	14
92	68	9
92	76	14
92	81	19
92	91	10
92	93	18
92	102	5
92	105	4
92	109	14
92	115	12
92	116	3
92	121	3
92	124	20
92	125	11
92	126	8
92	137	12
92	149	20
92	152	6
92	153	19
92	161	11
92	164	16
92	168	3
92	171	16
92	172	18
92	177	4
92	179	19
92	182	1
92	189	9
92	193	4
93	9	17
93	11	7
93	20	11
93	31	9
93	33	4
93	34	12
93	35	8
93	39	5
93	42	20
93	52	7
93	54	6
93	55	13
93	57	13
93	58	12
93	60	19
93	63	11
93	66	10
93	69	9
93	78	5
93	82	5
93	90	9
93	91	8
93	92	7
93	94	40
93	113	4
93	115	13
93	117	4
93	124	2
93	125	20
93	136	9
93	137	4
93	139	10
93	146	7
93	148	13
93	149	5
93	152	8
93	155	9
93	158	5
93	159	8
93	164	13
93	171	9
93	177	20
93	179	2
93	182	14
93	187	19
93	188	16
93	190	3
94	6	3
94	8	9
94	11	8
94	13	7
94	19	15
94	25	7
94	29	18
94	30	12
94	38	17
94	40	9
94	43	14
94	45	20
94	47	3
94	53	14
94	54	12
94	59	9
94	60	11
94	61	6
94	63	17
94	71	13
94	73	7
94	77	8
94	87	17
94	92	9
94	93	16
94	95	5
94	97	13
94	100	20
94	107	16
94	108	1
94	114	10
94	117	18
94	126	1
94	141	9
94	144	13
94	148	1
94	151	4
94	158	14
94	159	6
94	162	2
94	163	12
94	164	5
94	167	5
94	170	1
94	171	7
94	176	1
94	180	13
94	191	6
94	193	16
94	194	1
94	198	8
94	200	1
95	1	13
95	8	8
95	15	17
95	20	10
95	24	12
95	37	18
95	39	13
95	41	15
95	42	20
95	49	14
95	53	11
95	63	11
95	67	17
95	74	7
95	75	9
95	76	8
95	78	19
95	79	18
95	83	18
95	90	18
95	92	2
95	93	19
95	94	7
95	96	10
95	99	8
95	105	11
95	111	16
95	114	16
95	118	19
95	121	10
95	122	6
95	125	7
95	128	18
95	129	8
95	130	10
95	133	15
95	138	5
95	141	5
95	144	17
95	146	3
95	149	5
95	151	18
95	159	1
95	160	7
95	173	13
95	179	9
95	181	4
95	182	3
95	187	6
95	191	5
95	195	17
95	197	19
96	2	20
96	17	20
96	21	16
96	22	19
96	23	17
96	32	12
96	43	1
96	47	14
96	56	19
96	63	15
96	64	8
96	67	13
96	69	2
96	71	8
96	78	7
96	81	20
96	86	15
96	88	18
96	90	10
96	95	34
96	97	32
96	101	14
96	102	2
96	111	11
96	114	12
96	116	12
96	118	2
96	121	5
96	125	3
96	130	13
96	131	5
96	133	1
96	144	3
96	145	7
96	151	12
96	152	20
96	156	8
96	157	16
96	159	10
96	163	1
96	166	15
96	178	1
96	182	19
96	186	17
96	189	11
96	192	10
96	195	7
96	199	14
97	3	3
97	6	5
97	7	16
97	8	19
97	15	1
97	16	9
97	18	20
97	21	19
97	22	8
97	24	9
97	40	16
97	46	12
97	54	8
97	59	20
97	70	17
97	75	15
97	78	18
97	90	4
97	94	12
97	96	40
97	98	36
97	99	6
97	100	3
97	104	11
97	113	13
97	121	13
97	124	7
97	128	9
97	137	2
97	140	14
97	143	19
97	146	5
97	153	19
97	155	6
97	156	1
97	157	10
97	158	7
97	159	5
97	162	6
97	164	7
97	165	15
97	166	2
97	171	14
97	172	19
97	174	18
97	177	18
97	179	11
97	182	3
97	185	15
97	191	8
97	194	5
97	200	6
98	1	20
98	2	19
98	3	20
98	4	7
98	7	6
98	13	17
98	19	12
98	32	7
98	41	16
98	44	15
98	45	6
98	50	3
98	64	2
98	70	18
98	71	3
98	72	3
98	73	2
98	76	20
98	79	8
98	81	13
98	83	6
98	84	17
98	85	9
98	88	3
98	97	7
98	99	7
98	101	11
98	104	7
98	109	7
98	119	3
98	125	12
98	126	17
98	129	20
98	130	15
98	132	2
98	138	16
98	139	13
98	141	2
98	142	1
98	144	7
98	148	13
98	161	18
98	162	8
98	167	8
98	173	8
98	175	2
98	180	9
98	182	11
98	187	15
98	189	5
98	190	20
98	192	13
98	195	5
99	1	1
99	23	19
99	25	9
99	26	1
99	27	9
99	32	15
99	48	7
99	49	2
99	53	14
99	60	17
99	62	18
99	63	19
99	64	13
99	68	1
99	70	18
99	71	3
99	72	19
99	75	4
99	85	1
99	89	18
99	90	17
99	91	15
99	92	15
99	95	11
99	98	14
99	100	6
99	109	5
99	116	7
99	117	17
99	118	13
99	119	8
99	129	3
99	132	18
99	137	5
99	139	3
99	147	17
99	152	18
99	163	18
99	165	11
99	170	3
99	173	4
99	176	1
99	179	10
99	182	12
99	185	1
99	187	16
99	194	14
99	197	7
100	2	13
100	9	3
100	10	7
100	11	16
100	12	15
100	23	13
100	27	17
100	37	3
100	40	14
100	45	2
100	56	3
100	59	12
100	66	20
100	69	19
100	72	19
100	78	13
100	79	13
100	83	8
100	91	8
100	95	14
100	97	9
100	99	5
100	101	2
100	106	7
100	109	13
100	114	2
100	117	4
100	118	15
100	119	6
100	120	15
100	125	16
100	131	5
100	139	8
100	155	6
100	160	11
100	164	18
100	167	15
100	168	17
100	169	13
100	172	3
100	177	13
100	178	15
100	184	12
100	194	3
100	198	14
101	2	4
101	9	19
101	10	3
101	19	8
101	23	18
101	35	4
101	39	20
101	43	12
101	44	1
101	51	17
101	60	11
101	61	15
101	62	1
101	68	11
101	71	12
101	73	2
101	77	12
101	78	19
101	79	9
101	86	4
101	92	12
101	95	4
101	96	16
101	97	17
101	100	2
101	102	12
101	105	11
101	111	14
101	117	19
101	121	8
101	123	15
101	124	14
101	126	17
101	127	11
101	128	4
101	130	14
101	133	17
101	135	8
101	142	14
101	143	18
101	145	12
101	150	19
101	160	11
101	161	17
101	163	15
101	166	14
101	173	18
101	179	19
101	187	14
101	194	17
101	195	6
101	199	2
102	4	13
102	9	1
102	10	17
102	13	4
102	15	12
102	16	15
102	24	2
102	29	9
102	33	16
102	34	3
102	43	15
102	49	6
102	59	8
102	62	10
102	63	20
102	67	5
102	69	17
102	70	18
102	78	19
102	79	10
102	87	15
102	96	1
102	100	17
102	101	36
102	103	32
102	106	1
102	110	6
102	120	12
102	122	16
102	125	5
102	129	4
102	131	12
102	132	14
102	136	2
102	140	8
102	141	12
102	162	19
102	169	18
102	170	14
102	171	14
102	176	14
102	177	10
102	181	6
102	183	13
102	187	11
102	188	1
102	192	17
102	195	19
102	196	7
103	3	7
103	7	18
103	14	14
103	17	7
103	21	10
103	23	11
103	24	2
103	30	16
103	39	7
103	41	12
103	43	1
103	45	6
103	51	20
103	54	3
103	56	5
103	58	4
103	59	5
103	65	9
103	67	9
103	68	5
103	70	8
103	77	13
103	81	8
103	82	19
103	86	14
103	88	11
103	89	11
103	90	16
103	100	2
103	102	13
103	104	13
103	105	18
103	106	13
103	111	2
103	114	12
103	115	18
103	116	9
103	124	9
103	125	9
103	129	4
103	131	2
103	133	5
103	139	12
103	140	3
103	141	14
103	149	7
103	150	1
103	164	4
103	174	20
103	182	2
103	184	3
103	187	8
103	190	13
103	191	7
104	5	2
104	6	13
104	7	5
104	8	4
104	23	8
104	25	12
104	33	10
104	36	16
104	38	4
104	41	8
104	48	4
104	53	19
104	57	17
104	60	7
104	62	7
104	64	18
104	67	2
104	68	6
104	70	19
104	71	10
104	75	6
104	78	2
104	80	15
104	82	10
104	94	14
104	100	17
104	101	8
104	103	2
104	105	7
104	107	7
104	117	13
104	118	4
104	121	2
104	125	14
104	126	11
104	127	3
104	128	10
104	132	2
104	134	1
104	137	3
104	143	20
104	155	17
104	161	8
104	162	20
104	164	7
104	165	10
104	168	14
104	169	18
104	180	10
104	186	7
104	187	8
104	191	9
104	193	17
104	194	2
104	195	15
104	197	3
105	2	19
105	3	19
105	17	8
105	19	20
105	20	6
105	21	8
105	23	3
105	28	17
105	32	17
105	42	5
105	57	16
105	62	18
105	68	9
105	70	10
105	72	1
105	82	20
105	85	18
105	87	11
105	101	9
105	104	6
105	106	20
105	107	14
105	112	6
105	115	18
105	138	16
105	139	18
105	140	5
105	144	19
105	153	17
105	156	1
105	157	11
105	158	18
105	161	17
105	162	12
105	163	3
105	165	11
105	166	16
105	175	1
105	177	20
105	178	7
105	186	17
105	189	2
106	1	11
106	2	20
106	4	15
106	10	14
106	13	19
106	14	5
106	15	1
106	32	10
106	37	5
106	39	2
106	40	15
106	43	13
106	48	20
106	54	3
106	60	19
106	66	12
106	69	17
106	75	19
106	77	14
106	80	9
106	81	8
106	83	10
106	84	10
106	86	16
106	92	2
106	97	14
106	100	18
106	105	20
106	107	2
106	109	7
106	118	16
106	123	7
106	129	15
106	142	3
106	155	10
106	157	17
106	158	4
106	159	13
106	162	1
106	164	17
106	165	5
106	168	6
106	169	4
106	173	13
106	174	10
106	176	13
106	180	12
106	185	1
106	186	2
106	187	17
106	192	4
106	194	12
107	4	18
107	5	7
107	7	2
107	23	17
107	24	12
107	28	11
107	29	17
107	34	15
107	35	16
107	36	16
107	37	9
107	43	5
107	45	13
107	53	3
107	55	14
107	58	19
107	60	11
107	63	14
107	69	11
107	71	14
107	74	19
107	80	5
107	82	6
107	83	17
107	90	3
107	92	3
107	93	18
107	99	3
107	103	20
107	106	11
107	108	3
107	109	16
107	113	10
107	119	15
107	130	18
107	131	12
107	135	12
107	139	8
107	147	5
107	148	19
107	155	8
107	156	19
107	158	11
107	159	6
107	161	12
107	167	7
107	169	20
107	172	5
107	175	4
107	178	17
107	190	20
107	191	4
107	193	13
107	198	17
108	2	2
108	4	5
108	5	3
108	12	20
108	23	1
108	29	20
108	41	11
108	44	9
108	45	10
108	47	9
108	49	12
108	50	19
108	61	10
108	70	1
108	76	13
108	93	1
108	106	13
108	107	20
108	109	16
108	115	8
108	117	16
108	119	6
108	125	16
108	126	14
108	127	20
108	128	3
108	134	7
108	138	17
108	141	8
108	148	19
108	149	16
108	161	2
108	162	7
108	169	14
108	181	12
108	182	14
108	183	2
108	189	1
108	198	2
108	199	18
109	4	2
109	7	18
109	16	8
109	20	8
109	22	19
109	26	11
109	27	5
109	29	1
109	31	12
109	34	7
109	38	7
109	40	11
109	43	17
109	51	15
109	52	7
109	53	5
109	54	6
109	56	13
109	68	11
109	78	20
109	79	9
109	80	11
109	81	9
109	83	5
109	85	11
109	92	6
109	97	19
109	98	6
109	103	15
109	104	2
109	108	12
109	110	18
109	124	6
109	125	10
109	132	20
109	135	14
109	137	12
109	139	13
109	140	5
109	141	7
109	145	6
109	147	3
109	148	5
109	151	15
109	153	3
109	158	5
109	161	2
109	162	9
109	171	13
109	173	18
109	182	1
109	187	12
109	193	18
109	196	16
109	198	7
110	5	11
110	10	3
110	15	17
110	22	7
110	23	11
110	24	17
110	25	15
110	27	13
110	33	16
110	37	16
110	47	16
110	48	9
110	59	2
110	63	3
110	68	18
110	75	20
110	76	11
110	81	20
110	83	6
110	84	18
110	89	12
110	92	12
110	93	15
110	97	14
110	101	19
110	109	36
110	111	19
110	119	6
110	120	15
110	125	4
110	129	6
110	144	2
110	145	5
110	152	1
110	157	7
110	169	6
110	176	16
110	179	1
110	186	8
110	192	6
111	4	10
111	7	1
111	9	11
111	14	17
111	15	2
111	16	5
111	22	16
111	27	11
111	32	18
111	34	9
111	36	14
111	38	2
111	40	12
111	41	14
111	45	7
111	61	20
111	63	15
111	68	16
111	73	16
111	75	9
111	78	9
111	79	6
111	80	7
111	83	14
111	87	3
111	91	19
111	100	11
111	103	1
111	104	5
111	110	28
111	112	6
111	116	5
111	123	11
111	125	3
111	127	14
111	141	17
111	144	10
111	157	9
111	159	18
111	166	11
111	168	14
111	169	17
111	172	16
111	175	7
111	178	8
111	185	15
111	190	13
111	193	7
111	199	16
112	4	12
112	7	6
112	12	2
112	19	7
112	21	9
112	22	16
112	24	1
112	34	1
112	37	19
112	40	16
112	42	14
112	48	5
112	50	14
112	60	13
112	61	6
112	63	17
112	65	4
112	68	14
112	72	12
112	75	14
112	77	12
112	79	13
112	80	11
112	81	17
112	88	4
112	90	14
112	91	12
112	92	9
112	102	19
112	108	9
112	111	5
112	113	9
112	118	18
112	119	19
112	124	15
112	129	8
112	130	7
112	140	17
112	142	11
112	145	12
112	149	6
112	154	4
112	158	15
112	160	5
112	165	19
112	167	10
112	170	14
112	171	2
112	172	7
112	173	15
112	176	16
112	180	2
112	186	9
112	187	14
112	190	13
112	196	1
112	199	6
113	4	16
113	6	12
113	9	3
113	12	12
113	13	1
113	25	12
113	31	3
113	36	2
113	40	20
113	42	11
113	43	9
113	47	19
113	48	11
113	50	14
113	62	13
113	66	5
113	70	14
113	71	11
113	72	9
113	73	16
113	81	15
113	87	16
113	88	7
113	90	11
113	91	14
113	92	1
113	93	14
113	95	18
113	98	14
113	104	8
113	112	11
113	114	7
113	115	10
113	116	5
113	117	8
113	118	5
113	122	1
113	126	3
113	131	16
113	133	10
113	136	4
113	138	18
113	149	11
113	150	5
113	153	10
113	157	20
113	159	7
113	165	12
113	166	15
113	172	5
113	174	6
113	175	11
113	177	18
113	183	4
113	184	12
113	187	19
113	188	4
113	197	14
113	198	5
114	7	1
114	11	7
114	15	10
114	21	12
114	24	14
114	27	14
114	31	6
114	38	16
114	40	9
114	43	6
114	45	2
114	49	6
114	55	18
114	59	5
114	63	12
114	68	18
114	70	14
114	71	9
114	74	8
114	77	13
114	79	13
114	80	11
114	85	4
114	87	3
114	88	15
114	90	1
114	91	3
114	98	5
114	103	20
114	105	20
114	109	13
114	110	12
114	112	16
114	113	2
114	115	4
114	128	7
114	129	4
114	139	2
114	159	13
114	161	20
114	164	13
114	167	9
114	169	4
114	175	6
114	185	5
114	200	18
115	2	6
115	8	18
115	11	12
115	12	13
115	18	19
115	19	16
115	30	7
115	43	16
115	44	10
115	50	14
115	53	15
115	56	3
115	58	12
115	59	3
115	63	10
115	73	8
115	74	11
115	79	11
115	80	8
115	81	10
115	82	1
115	83	11
115	91	14
115	93	4
115	97	17
115	102	3
115	105	3
115	108	11
115	110	16
115	113	18
115	114	15
115	116	18
115	133	8
115	137	2
115	139	5
115	141	1
115	146	19
115	169	8
115	173	20
115	176	4
115	185	19
115	191	1
115	196	12
115	199	12
115	200	19
116	3	10
116	6	2
116	7	19
116	14	3
116	21	9
116	24	18
116	31	2
116	36	16
116	41	11
116	43	1
116	48	1
116	51	11
116	60	3
116	69	5
116	70	15
116	85	5
116	86	10
116	90	18
116	94	4
116	96	1
116	99	15
116	102	14
116	105	17
116	106	7
116	108	8
116	111	2
116	115	1
116	117	5
116	118	17
116	127	3
116	137	17
116	138	10
116	139	20
116	142	12
116	145	14
116	148	19
116	149	14
116	160	13
116	161	6
116	163	10
116	165	10
116	169	15
116	170	8
116	174	5
116	176	15
116	182	13
116	183	7
116	184	8
116	185	17
116	194	4
116	196	8
117	2	16
117	3	3
117	6	12
117	15	17
117	18	19
117	19	20
117	20	5
117	25	13
117	28	18
117	31	3
117	33	3
117	43	17
117	46	18
117	47	2
117	64	4
117	65	2
117	67	8
117	69	7
117	80	8
117	83	9
117	94	16
117	95	9
117	99	14
117	101	20
117	104	6
117	105	12
117	113	15
117	116	36
117	118	6
117	122	4
117	129	4
117	133	3
117	137	19
117	138	19
117	141	20
117	146	20
117	147	14
117	149	15
117	151	7
117	154	17
117	161	18
117	164	16
117	169	2
117	170	10
117	171	19
117	176	6
117	180	6
117	183	13
117	186	2
117	187	1
117	189	10
117	191	5
117	197	4
117	198	3
118	6	16
118	13	6
118	15	15
118	16	18
118	19	14
118	22	4
118	23	8
118	33	7
118	43	12
118	44	8
118	48	14
118	53	1
118	55	17
118	59	7
118	67	15
118	69	19
118	71	20
118	72	11
118	75	20
118	85	10
118	117	16
118	119	9
118	123	16
118	124	8
118	129	1
118	132	1
118	133	2
118	134	16
118	137	3
118	139	5
118	140	15
118	141	1
118	145	15
118	150	1
118	152	8
118	153	10
118	154	20
118	155	18
118	159	16
118	162	18
118	165	9
118	178	9
118	179	9
118	191	1
118	193	15
118	197	6
119	1	17
119	2	20
119	7	11
119	15	20
119	16	16
119	19	19
119	26	5
119	34	16
119	35	17
119	42	16
119	46	20
119	52	8
119	54	20
119	55	20
119	56	16
119	58	4
119	59	18
119	65	17
119	67	7
119	68	7
119	72	8
119	74	8
119	75	4
119	77	10
119	82	7
119	91	7
119	100	3
119	106	19
119	110	5
119	115	2
119	118	36
119	120	16
119	125	20
119	131	14
119	132	9
119	133	18
119	136	9
119	137	16
119	138	17
119	140	15
119	141	7
119	143	20
119	148	4
119	151	4
119	156	19
119	159	3
119	162	15
119	164	7
119	166	7
119	167	17
119	176	4
119	177	1
119	185	18
119	186	13
119	190	16
119	193	19
119	197	8
119	199	19
120	3	4
120	9	16
120	15	19
120	16	4
120	26	18
120	32	17
120	40	18
120	51	13
120	54	20
120	57	17
120	63	13
120	64	20
120	65	10
120	67	1
120	70	1
120	71	2
120	81	3
120	83	3
120	85	13
120	88	8
120	90	3
120	92	2
120	93	1
120	94	18
120	96	13
120	100	7
120	102	1
120	105	16
120	107	11
120	109	3
120	110	20
120	111	11
120	113	14
120	114	4
120	117	7
120	119	17
120	121	17
120	131	20
120	140	17
120	141	4
120	145	14
120	149	11
120	153	18
120	161	12
120	169	17
120	170	5
120	171	18
120	173	15
120	174	3
120	176	3
120	180	13
120	182	2
120	185	9
120	188	8
120	194	5
120	195	17
120	200	17
121	1	18
121	5	1
121	8	7
121	12	5
121	15	17
121	20	6
121	25	1
121	27	13
121	34	10
121	35	18
121	37	7
121	38	9
121	45	1
121	46	18
121	52	16
121	56	17
121	59	13
121	63	13
121	66	2
121	67	20
121	68	4
121	71	17
121	74	6
121	77	1
121	78	8
121	79	13
121	82	3
121	93	8
121	94	17
121	95	2
121	97	2
121	105	14
121	117	15
121	119	13
121	120	1
121	122	1
121	124	12
121	128	2
121	130	13
121	132	17
121	140	6
121	144	6
121	145	1
121	147	9
121	155	12
121	156	9
121	158	12
121	161	4
121	169	5
121	170	13
121	177	4
121	180	8
121	181	5
121	186	18
121	188	3
121	189	14
121	190	20
121	194	13
121	200	2
122	6	17
122	8	5
122	12	2
122	16	17
122	34	6
122	42	9
122	45	6
122	51	5
122	52	11
122	54	6
122	61	13
122	65	6
122	68	18
122	69	16
122	71	18
122	77	14
122	82	4
122	83	6
122	84	17
122	89	12
122	92	9
122	100	18
122	109	5
122	111	16
122	120	2
122	121	26
122	123	12
122	125	14
122	129	5
122	130	3
122	132	18
122	134	2
122	138	3
122	140	11
122	141	3
122	146	19
122	147	4
122	148	6
122	149	20
122	153	3
122	156	13
122	160	3
122	161	17
122	167	8
122	178	9
122	190	3
122	195	10
122	197	8
122	198	16
123	1	10
123	3	20
123	11	2
123	18	19
123	24	18
123	29	14
123	31	4
123	33	15
123	36	13
123	37	3
123	39	11
123	40	2
123	41	15
123	42	13
123	48	6
123	49	14
123	51	15
123	52	18
123	54	8
123	57	3
123	60	20
123	75	9
123	76	9
123	77	14
123	80	13
123	84	10
123	92	20
123	98	20
123	104	13
123	107	15
123	109	11
123	111	2
123	112	12
123	116	6
123	122	18
123	124	15
123	130	10
123	134	11
123	140	5
123	150	4
123	153	17
123	154	3
123	156	11
123	162	6
123	173	10
123	180	13
123	182	19
123	186	16
123	187	10
123	194	2
123	195	1
123	197	13
124	14	20
124	22	3
124	35	13
124	42	19
124	43	1
124	47	10
124	50	3
124	53	12
124	55	2
124	57	20
124	59	15
124	64	9
124	79	11
124	84	10
124	86	18
124	89	2
124	90	15
124	93	14
124	110	1
124	117	19
124	118	12
124	123	5
124	125	5
124	127	19
124	130	5
124	135	9
124	136	8
124	137	20
124	138	1
124	145	18
124	146	9
124	147	20
124	149	2
124	150	4
124	153	9
124	154	13
124	156	20
124	158	1
124	164	7
124	171	10
124	175	13
124	177	19
124	178	10
124	181	2
124	182	15
124	186	3
124	188	6
124	190	17
124	197	10
125	3	15
125	7	1
125	9	4
125	11	6
125	12	18
125	13	9
125	16	3
125	29	7
125	43	8
125	45	13
125	46	8
125	50	19
125	53	18
125	63	1
125	65	5
125	68	1
125	74	2
125	82	8
125	86	7
125	90	12
125	91	7
125	95	2
125	96	20
125	98	11
125	100	2
125	101	19
125	102	15
125	106	19
125	107	5
125	108	9
125	113	14
125	115	2
125	120	12
125	123	16
125	124	6
125	126	16
125	134	18
125	141	14
125	142	8
125	149	2
125	153	8
125	154	10
125	156	18
125	158	3
125	159	2
125	161	1
125	164	10
125	165	1
125	166	8
125	171	18
125	172	13
125	174	2
125	179	11
125	183	13
125	186	7
125	198	7
126	2	5
126	8	19
126	9	7
126	11	6
126	12	9
126	16	11
126	19	2
126	24	15
126	31	2
126	34	7
126	47	16
126	52	11
126	60	8
126	69	10
126	71	1
126	73	10
126	94	19
126	96	16
126	97	10
126	99	1
126	101	16
126	105	18
126	106	1
126	112	3
126	115	11
126	116	19
126	118	6
126	119	7
126	125	1
126	127	12
126	131	14
126	133	1
126	136	6
126	144	11
126	151	1
126	154	2
126	161	1
126	163	10
126	165	18
126	169	11
126	170	13
126	178	5
126	179	1
126	187	2
126	190	17
126	193	17
126	200	15
127	3	5
127	4	11
127	7	5
127	10	1
127	15	13
127	20	4
127	21	14
127	28	5
127	31	8
127	34	13
127	36	18
127	38	4
127	42	15
127	46	14
127	48	15
127	49	4
127	53	16
127	55	6
127	58	9
127	59	12
127	61	15
127	65	6
127	68	12
127	70	9
127	71	7
127	83	7
127	88	9
127	90	8
127	92	13
127	99	14
127	106	3
127	114	11
127	116	10
127	117	13
127	118	18
127	120	7
127	124	20
127	125	9
127	126	19
127	128	26
127	133	3
127	134	10
127	136	13
127	137	16
127	138	5
127	140	18
127	145	10
127	146	7
127	147	10
127	155	19
127	156	8
127	161	11
127	176	8
127	190	14
127	195	16
128	1	9
128	5	14
128	10	8
128	18	3
128	19	17
128	20	7
128	22	6
128	33	12
128	38	10
128	60	12
128	64	12
128	68	13
128	70	13
128	72	17
128	73	10
128	78	14
128	85	3
128	90	19
128	91	6
128	92	2
128	102	6
128	105	9
128	106	12
128	110	2
128	113	9
128	121	16
128	122	18
128	127	5
128	129	11
128	133	15
128	136	5
128	140	6
128	145	20
128	151	6
128	153	7
128	155	15
128	160	9
128	161	18
128	167	5
128	169	13
128	170	12
128	172	18
128	186	13
128	188	7
128	189	20
128	190	12
128	194	17
128	197	9
128	200	3
129	9	5
129	10	16
129	12	2
129	14	15
129	16	3
129	19	18
129	23	9
129	27	6
129	28	17
129	30	9
129	32	15
129	37	1
129	39	5
129	41	14
129	43	16
129	53	1
129	57	18
129	66	8
129	72	17
129	73	3
129	77	12
129	80	7
129	86	16
129	90	13
129	95	19
129	104	2
129	106	4
129	115	14
129	121	10
129	123	19
129	126	7
129	128	13
129	130	5
129	137	5
129	142	13
129	144	12
129	145	3
129	152	15
129	153	11
129	157	17
129	161	15
129	167	17
129	176	14
129	181	12
129	182	2
129	185	8
129	186	4
129	190	10
129	193	3
129	195	6
129	198	10
130	2	15
130	10	3
130	12	10
130	14	19
130	17	10
130	18	11
130	21	13
130	22	7
130	24	20
130	35	20
130	46	14
130	47	12
130	49	8
130	51	11
130	52	13
130	58	5
130	65	17
130	71	8
130	73	10
130	79	8
130	85	2
130	86	20
130	100	9
130	101	18
130	103	1
130	108	18
130	112	5
130	118	18
130	119	18
130	125	14
130	128	16
130	129	20
130	131	14
130	132	15
130	135	10
130	137	14
130	140	9
130	143	11
130	144	13
130	148	16
130	153	2
130	154	18
130	155	6
130	156	7
130	169	8
130	177	13
130	187	9
130	189	1
130	200	13
131	3	19
131	7	18
131	9	15
131	13	6
131	14	12
131	16	5
131	17	13
131	21	4
131	23	19
131	24	10
131	25	5
131	40	19
131	45	18
131	46	5
131	51	20
131	54	2
131	58	5
131	61	18
131	70	1
131	76	17
131	85	7
131	87	4
131	96	3
131	99	17
131	103	5
131	104	14
131	107	10
131	110	6
131	112	2
131	113	17
131	114	15
131	118	17
131	119	3
131	120	5
131	123	14
131	125	9
131	130	22
131	132	1
131	134	11
131	136	20
131	137	17
131	140	19
131	141	9
131	156	11
131	160	16
131	163	2
131	172	19
131	178	4
131	180	1
131	183	16
131	185	6
131	187	3
131	189	12
131	193	7
131	196	2
131	198	19
132	10	16
132	16	20
132	19	5
132	21	15
132	34	8
132	36	17
132	37	16
132	38	5
132	44	19
132	45	16
132	49	2
132	52	19
132	54	7
132	55	12
132	63	15
132	75	3
132	76	7
132	78	11
132	81	1
132	88	13
132	96	16
132	98	13
132	103	10
132	104	11
132	105	3
132	108	14
132	110	17
132	111	20
132	113	2
132	124	20
132	126	14
132	127	5
132	128	20
132	130	6
132	131	8
132	133	10
132	134	4
132	144	19
132	145	10
132	154	8
132	159	8
132	163	20
132	167	3
132	176	15
132	181	10
132	185	1
132	187	4
132	189	6
132	193	5
132	194	11
132	197	5
132	199	20
133	3	11
133	9	4
133	13	7
133	16	2
133	22	16
133	23	4
133	29	5
133	33	5
133	38	3
133	41	5
133	45	13
133	49	6
133	50	8
133	52	4
133	58	16
133	59	12
133	61	2
133	63	5
133	65	4
133	67	20
133	81	12
133	82	14
133	84	4
133	97	8
133	104	18
133	110	2
133	111	1
133	116	11
133	118	10
133	123	7
133	126	1
133	132	34
133	134	4
133	137	9
133	138	15
133	139	1
133	143	3
133	145	5
133	147	16
133	152	5
133	153	13
133	154	4
133	158	1
133	160	2
133	163	15
133	169	1
133	173	5
133	175	19
133	178	10
133	183	18
133	193	9
133	194	3
133	200	13
134	4	17
134	6	13
134	9	2
134	11	20
134	13	9
134	19	7
134	28	4
134	31	1
134	32	13
134	33	8
134	34	15
134	46	3
134	59	20
134	63	9
134	65	1
134	74	1
134	75	12
134	76	16
134	78	12
134	86	2
134	91	2
134	98	3
134	100	2
134	101	16
134	107	18
134	110	7
134	117	13
134	118	19
134	120	8
134	128	5
134	130	15
134	133	14
134	135	1
134	137	13
134	144	5
134	148	3
134	150	16
134	154	3
134	156	3
134	157	12
134	164	12
134	165	5
134	166	19
134	167	4
134	176	6
134	181	16
134	182	4
134	192	7
134	199	20
135	4	6
135	5	20
135	6	19
135	9	11
135	10	3
135	18	8
135	24	5
135	26	15
135	27	18
135	30	16
135	34	20
135	46	16
135	55	15
135	57	14
135	63	17
135	65	10
135	68	8
135	74	5
135	79	9
135	83	14
135	88	16
135	96	10
135	109	1
135	111	19
135	121	13
135	130	15
135	131	15
135	134	11
135	136	9
135	143	15
135	160	9
135	163	19
135	169	2
135	170	18
135	173	4
135	176	9
135	179	12
135	185	14
135	187	4
135	193	9
135	194	7
136	4	7
136	13	14
136	23	2
136	26	20
136	33	5
136	35	6
136	37	9
136	40	12
136	41	11
136	42	12
136	48	19
136	50	8
136	54	6
136	61	6
136	63	12
136	71	1
136	75	18
136	76	11
136	77	12
136	78	14
136	91	13
136	92	3
136	96	11
136	98	15
136	100	18
136	103	5
136	105	11
136	109	3
136	113	16
136	114	4
136	117	1
136	118	12
136	122	13
136	124	8
136	133	9
136	135	11
136	137	15
136	142	11
136	144	19
136	147	18
136	150	12
136	157	11
136	164	6
136	166	15
136	169	14
136	170	1
136	171	5
136	172	3
136	175	20
136	176	20
136	178	3
136	180	12
136	182	2
136	184	5
136	190	9
136	191	11
136	192	8
136	195	19
136	196	8
137	3	12
137	4	18
137	8	12
137	12	4
137	13	6
137	16	4
137	23	19
137	25	11
137	27	1
137	31	11
137	37	12
137	38	1
137	50	13
137	57	9
137	59	17
137	62	4
137	64	4
137	68	17
137	74	6
137	85	18
137	86	17
137	100	18
137	101	1
137	102	7
137	103	11
137	105	7
137	115	1
137	116	11
137	117	16
137	123	14
137	124	5
137	134	12
137	136	1
137	138	19
137	139	1
137	140	15
137	146	1
137	150	12
137	151	7
137	155	15
137	157	19
137	159	6
137	160	2
137	166	14
137	167	20
137	175	8
137	176	12
137	177	16
137	179	7
137	182	13
137	185	9
137	189	11
137	191	2
137	195	17
137	196	6
137	199	8
137	200	11
138	2	1
138	9	16
138	20	16
138	32	5
138	38	11
138	43	1
138	48	4
138	55	10
138	56	19
138	58	11
138	59	19
138	62	19
138	68	20
138	86	13
138	91	20
138	93	17
138	96	12
138	97	13
138	100	1
138	105	18
138	107	4
138	110	20
138	116	7
138	118	10
138	121	3
138	123	3
138	125	13
138	129	6
138	135	16
138	137	32
138	139	32
138	152	20
138	159	6
138	162	11
138	168	17
138	180	5
138	181	20
138	182	13
138	183	19
138	186	3
138	187	4
138	189	5
138	192	19
138	193	18
138	197	10
138	198	10
139	7	2
139	8	15
139	13	2
139	18	13
139	19	18
139	20	7
139	25	7
139	29	10
139	32	11
139	38	14
139	39	6
139	41	6
139	43	6
139	45	2
139	48	3
139	50	5
139	51	1
139	54	16
139	58	3
139	59	16
139	63	3
139	67	4
139	71	5
139	76	10
139	82	3
139	83	16
139	86	18
139	89	10
139	91	3
139	92	19
139	93	5
139	98	7
139	99	6
139	100	12
139	103	20
139	105	12
139	106	9
139	107	14
139	117	13
139	118	7
139	124	18
139	127	7
139	130	15
139	132	4
139	135	11
139	138	13
139	140	19
139	141	16
139	143	13
139	145	8
139	146	19
139	153	11
139	164	4
139	167	18
139	169	18
139	171	4
139	179	20
139	186	7
139	188	1
139	196	4
139	197	3
140	6	20
140	19	5
140	22	4
140	24	19
140	26	12
140	27	19
140	28	17
140	29	7
140	32	7
140	44	18
140	45	1
140	57	1
140	58	10
140	70	17
140	72	12
140	79	17
140	83	20
140	86	8
140	90	2
140	93	10
140	94	12
140	97	3
140	102	16
140	104	10
140	106	18
140	108	12
140	109	17
140	114	12
140	115	18
140	116	7
140	123	2
140	130	18
140	134	14
140	136	9
140	139	8
140	141	1
140	144	17
140	145	3
140	161	17
140	165	16
140	171	8
140	176	15
140	178	9
140	179	19
140	186	9
140	188	6
140	189	14
141	8	12
141	11	10
141	21	17
141	27	14
141	31	5
141	34	17
141	36	13
141	43	2
141	44	8
141	45	11
141	46	17
141	49	20
141	52	8
141	58	18
141	61	4
141	64	6
141	67	6
141	70	11
141	72	7
141	75	14
141	77	3
141	79	13
141	92	7
141	97	15
141	101	1
141	103	20
141	107	18
141	109	2
141	113	10
141	114	15
141	115	5
141	123	19
141	128	14
141	129	11
141	131	7
141	134	20
141	140	13
141	142	14
141	143	13
141	153	15
141	155	10
141	158	3
141	166	9
141	178	8
141	187	1
142	9	16
142	10	10
142	15	1
142	24	5
142	27	7
142	38	10
142	39	14
142	47	9
142	53	12
142	56	5
142	61	6
142	63	3
142	69	19
142	71	6
142	73	11
142	75	17
142	88	1
142	95	14
142	97	20
142	103	15
142	105	9
142	109	3
142	110	1
142	111	14
142	117	13
142	119	3
142	123	6
142	125	14
142	127	10
142	128	8
142	129	19
142	133	10
142	135	13
142	141	1
142	143	5
142	146	2
142	154	2
142	155	19
142	156	16
142	160	9
142	168	20
142	170	14
142	172	10
142	186	14
142	194	9
142	198	14
143	3	8
143	11	18
143	13	11
143	18	11
143	22	4
143	23	2
143	27	7
143	34	3
143	38	18
143	40	3
143	57	15
143	60	8
143	61	3
143	64	4
143	67	15
143	72	7
143	73	1
143	74	15
143	78	14
143	80	6
143	81	17
143	82	15
143	88	7
143	90	4
143	97	9
143	98	4
143	100	5
143	102	4
143	117	19
143	135	8
143	139	15
143	140	11
143	141	12
143	142	3
143	144	12
143	145	16
143	147	11
143	148	20
143	150	15
143	155	1
143	157	1
143	164	8
143	165	13
143	167	16
143	171	16
143	174	15
143	176	18
143	178	5
143	185	19
143	189	20
144	6	12
144	7	11
144	11	9
144	12	15
144	13	3
144	14	17
144	18	10
144	25	12
144	31	8
144	34	2
144	36	19
144	41	20
144	52	1
144	64	9
144	71	15
144	75	5
144	81	19
144	91	6
144	107	9
144	114	6
144	115	9
144	117	12
144	120	16
144	122	6
144	127	3
144	128	19
144	130	6
144	134	12
144	135	6
144	143	2
144	145	11
144	147	18
144	148	5
144	157	1
144	163	11
144	165	10
144	171	14
144	172	15
144	175	19
144	178	10
144	180	18
144	181	5
144	184	6
144	185	8
144	192	17
144	197	20
145	6	2
145	9	8
145	10	4
145	12	1
145	13	16
145	14	10
145	15	10
145	17	10
145	21	7
145	22	10
145	40	7
145	41	20
145	43	10
145	44	12
145	45	10
145	46	8
145	49	12
145	53	17
145	54	4
145	56	7
145	62	9
145	63	20
145	64	3
145	65	6
145	66	3
145	69	14
145	75	15
145	83	4
145	88	15
145	99	10
145	104	20
145	111	12
145	112	12
145	125	15
145	131	10
145	134	18
145	136	10
145	138	16
145	143	16
145	144	9
145	146	2
145	151	16
145	157	16
145	158	12
145	174	15
145	177	10
145	178	10
145	179	18
145	181	4
145	184	4
145	192	3
145	198	9
146	4	6
146	11	2
146	12	16
146	13	5
146	15	20
146	18	8
146	19	6
146	33	19
146	52	19
146	53	13
146	58	17
146	61	12
146	63	1
146	67	15
146	77	4
146	86	4
146	96	5
146	97	12
146	107	4
146	109	10
146	110	13
146	112	8
146	116	6
146	121	16
146	127	11
146	131	5
146	132	20
146	145	28
146	147	7
146	155	17
146	158	2
146	161	14
146	167	17
146	168	1
146	169	10
146	171	3
146	173	17
146	175	4
146	177	7
146	178	15
146	180	12
146	183	9
146	186	7
146	188	17
146	190	5
146	191	15
146	197	1
147	2	17
147	4	19
147	10	18
147	21	2
147	24	6
147	26	12
147	32	5
147	39	5
147	42	17
147	44	4
147	46	17
147	47	12
147	57	3
147	58	6
147	60	15
147	61	9
147	62	11
147	66	19
147	67	10
147	71	18
147	78	14
147	79	18
147	82	4
147	83	15
147	84	7
147	88	19
147	90	12
147	91	6
147	93	11
147	94	9
147	97	14
147	99	4
147	100	11
147	101	16
147	105	18
147	108	11
147	109	5
147	113	16
147	115	20
147	118	19
147	119	13
147	126	12
147	127	11
147	139	14
147	145	3
147	146	4
147	148	4
147	151	19
147	152	14
147	158	13
147	160	9
147	161	19
147	162	1
147	164	2
147	166	2
147	169	7
147	170	4
147	173	12
147	185	3
147	189	14
147	190	17
147	191	6
147	193	19
147	198	19
148	7	17
148	9	6
148	26	1
148	31	10
148	38	17
148	40	19
148	44	10
148	45	10
148	48	16
148	57	9
148	59	17
148	60	9
148	68	20
148	73	18
148	74	3
148	77	8
148	87	3
148	89	12
148	94	5
148	97	10
148	104	15
148	106	2
148	107	17
148	109	2
148	110	18
148	113	14
148	118	4
148	121	19
148	125	18
148	127	5
148	132	2
148	133	19
148	147	18
148	149	13
148	160	18
148	161	8
148	164	9
148	165	11
148	173	3
148	178	14
148	183	14
148	184	8
148	187	8
149	5	7
149	11	17
149	13	6
149	23	1
149	24	10
149	26	20
149	28	9
149	29	3
149	30	8
149	39	3
149	45	13
149	50	7
149	51	19
149	53	13
149	58	20
149	59	12
149	62	18
149	66	18
149	73	10
149	76	13
149	78	7
149	84	11
149	96	5
149	102	10
149	108	19
149	109	4
149	111	16
149	115	2
149	118	3
149	120	5
149	123	9
149	125	1
149	127	15
149	130	13
149	136	1
149	141	1
149	142	18
149	146	11
149	148	2
149	150	11
149	155	7
149	156	5
149	160	14
149	165	15
149	167	7
149	175	9
149	177	7
149	178	6
149	186	18
149	188	12
149	192	5
149	194	15
149	198	15
150	2	17
150	3	2
150	6	3
150	7	9
150	9	8
150	10	5
150	12	19
150	18	11
150	19	1
150	22	14
150	23	2
150	25	12
150	26	1
150	28	3
150	29	18
150	44	4
150	45	16
150	47	6
150	50	2
150	52	18
150	53	11
150	69	4
150	74	15
150	78	17
150	80	12
150	85	19
150	88	6
150	89	16
150	91	4
150	95	10
150	98	18
150	101	8
150	105	19
150	108	3
150	112	4
150	124	4
150	132	12
150	141	19
150	145	2
150	149	40
150	151	16
150	153	7
150	156	9
150	165	2
150	169	8
150	173	4
150	175	4
150	176	7
150	181	14
150	182	16
150	191	5
150	195	1
150	197	3
151	4	20
151	5	14
151	9	13
151	20	15
151	23	10
151	28	18
151	29	18
151	41	6
151	43	1
151	45	8
151	49	7
151	54	11
151	55	11
151	56	12
151	57	12
151	58	17
151	60	18
151	66	13
151	67	19
151	69	20
151	72	1
151	80	16
151	81	9
151	82	14
151	85	11
151	86	20
151	87	20
151	90	14
151	97	12
151	99	4
151	108	12
151	109	17
151	116	1
151	123	3
151	126	12
151	128	16
151	129	8
151	131	3
151	132	12
151	133	19
151	134	8
151	137	12
151	138	17
151	144	18
151	146	7
151	149	15
151	150	4
151	152	16
151	153	17
151	158	5
151	160	1
151	165	17
151	167	18
151	170	3
151	174	3
151	180	5
151	181	4
151	182	12
151	183	10
151	189	6
151	191	7
151	193	6
151	199	3
152	3	19
152	4	12
152	12	1
152	17	1
152	21	3
152	23	11
152	31	15
152	32	11
152	33	12
152	48	15
152	49	2
152	52	18
152	67	9
152	77	8
152	78	18
152	86	7
152	88	17
152	103	8
152	107	20
152	112	2
152	114	4
152	125	6
152	126	13
152	132	3
152	134	13
152	140	12
152	141	13
152	144	10
152	151	13
152	153	28
152	154	2
152	157	5
152	172	20
152	177	4
152	183	8
152	187	1
152	191	3
152	199	11
153	3	9
153	7	14
153	21	1
153	28	7
153	29	20
153	33	6
153	36	18
153	46	18
153	47	13
153	52	17
153	54	10
153	63	15
153	64	20
153	65	11
153	67	14
153	75	12
153	92	16
153	102	12
153	104	2
153	105	1
153	107	12
153	112	6
153	117	15
153	123	7
153	125	2
153	126	15
153	128	9
153	130	5
153	148	14
153	149	16
153	150	14
153	152	19
153	154	30
153	157	6
153	158	18
153	160	14
153	163	10
153	164	18
153	170	19
153	171	20
153	175	5
153	176	5
153	182	5
153	189	20
153	191	14
154	17	12
154	20	14
154	21	20
154	26	8
154	28	9
154	32	12
154	34	15
154	35	9
154	46	8
154	47	20
154	50	17
154	51	8
154	54	16
154	62	12
154	67	12
154	76	7
154	81	1
154	84	8
154	88	7
154	105	3
154	111	4
154	118	19
154	119	4
154	122	9
154	123	9
154	129	7
154	136	19
154	137	5
154	142	4
154	144	17
154	145	18
154	150	5
154	151	1
154	153	19
154	155	11
154	156	9
154	159	17
154	164	10
154	167	2
154	168	12
154	178	5
154	179	2
154	182	19
154	200	18
155	9	16
155	12	12
155	13	18
155	17	2
155	19	13
155	23	18
155	26	19
155	33	2
155	35	14
155	36	1
155	41	18
155	47	3
155	49	19
155	51	20
155	53	10
155	54	1
155	56	6
155	66	3
155	69	4
155	76	18
155	81	17
155	82	11
155	90	11
155	92	7
155	93	7
155	96	19
155	110	11
155	119	19
155	120	2
155	122	5
155	124	1
155	129	12
155	132	6
155	138	13
155	141	7
155	152	2
155	153	11
155	154	17
155	156	12
155	160	4
155	164	13
155	179	2
155	182	8
155	189	14
155	197	3
156	4	8
156	7	2
156	8	18
156	10	6
156	22	6
156	27	6
156	31	9
156	35	16
156	40	20
156	44	3
156	46	10
156	59	6
156	63	19
156	70	1
156	74	19
156	78	3
156	81	19
156	88	8
156	90	11
156	91	20
156	93	6
156	94	8
156	100	8
156	107	1
156	117	14
156	118	6
156	120	13
156	125	4
156	126	15
156	129	13
156	133	7
156	134	15
156	138	6
156	146	20
156	155	18
156	157	6
156	163	19
156	164	13
156	167	14
156	169	17
156	170	14
156	178	20
156	185	18
156	186	20
156	187	20
156	189	4
156	199	7
156	200	20
157	9	9
157	15	16
157	24	2
157	26	17
157	29	7
157	32	5
157	34	12
157	36	8
157	41	12
157	42	7
157	53	14
157	59	5
157	61	13
157	64	4
157	67	10
157	70	19
157	71	17
157	76	14
157	79	6
157	92	12
157	93	16
157	98	6
157	101	16
157	113	1
157	115	14
157	119	20
157	120	16
157	121	11
157	126	17
157	129	11
157	137	8
157	139	7
157	146	20
157	148	3
157	150	17
157	155	1
157	156	16
157	158	2
157	159	4
157	169	15
157	170	18
157	172	20
157	176	10
157	179	4
157	182	12
157	184	10
157	185	3
158	1	6
158	14	11
158	17	4
158	21	17
158	23	16
158	24	19
158	25	14
158	26	5
158	27	12
158	32	7
158	35	12
158	44	19
158	48	8
158	54	9
158	59	11
158	60	15
158	62	19
158	64	18
158	65	6
158	76	16
158	88	18
158	93	14
158	94	17
158	99	2
158	107	5
158	111	17
158	115	8
158	118	12
158	120	17
158	123	2
158	131	15
158	132	9
158	134	19
158	140	5
158	145	18
158	146	4
158	148	12
158	153	17
158	154	9
158	157	5
158	159	2
158	174	12
158	175	1
158	178	6
158	180	2
158	182	17
158	192	11
158	194	1
158	200	4
159	1	9
159	2	12
159	9	19
159	10	13
159	13	19
159	18	15
159	20	16
159	25	10
159	27	17
159	30	6
159	35	15
159	37	7
159	43	15
159	46	6
159	48	2
159	51	5
159	60	3
159	67	7
159	73	17
159	74	4
159	76	17
159	79	1
159	83	10
159	84	1
159	85	5
159	86	20
159	88	11
159	90	16
159	91	3
159	92	19
159	93	9
159	123	2
159	138	12
159	139	10
159	142	11
159	147	6
159	150	13
159	156	18
159	158	11
159	160	13
159	163	5
159	164	15
159	170	5
159	173	9
159	174	20
159	179	18
159	186	14
159	192	4
159	193	8
159	195	13
159	196	7
160	4	3
160	6	9
160	7	17
160	10	16
160	11	11
160	16	15
160	18	18
160	20	17
160	24	16
160	25	11
160	26	12
160	27	18
160	28	1
160	34	16
160	37	2
160	39	9
160	40	12
160	48	17
160	49	18
160	50	18
160	51	12
160	55	10
160	57	9
160	63	13
160	69	16
160	70	17
160	79	11
160	81	6
160	84	8
160	87	8
160	97	5
160	102	6
160	103	16
160	104	9
160	111	11
160	115	11
160	116	9
160	120	10
160	126	9
160	127	11
160	128	8
160	131	9
160	134	9
160	144	12
160	147	2
160	151	9
160	154	7
160	159	24
160	161	12
160	163	12
160	165	2
160	181	2
160	191	18
160	192	17
160	200	10
161	3	9
161	5	15
161	6	6
161	9	20
161	10	2
161	12	7
161	15	4
161	18	4
161	19	8
161	20	2
161	22	17
161	23	17
161	24	10
161	35	9
161	40	18
161	51	7
161	54	18
161	59	3
161	60	15
161	64	15
161	69	6
161	73	16
161	74	16
161	76	16
161	86	19
161	87	7
161	88	15
161	103	3
161	108	2
161	121	15
161	124	17
161	130	6
161	131	11
161	136	9
161	137	1
161	140	11
161	153	18
161	160	24
161	162	9
161	168	14
161	169	8
161	170	12
161	173	14
161	178	1
161	182	1
161	185	16
161	200	10
162	17	7
162	19	2
162	21	1
162	22	15
162	30	16
162	33	16
162	39	9
162	40	13
162	44	2
162	49	17
162	50	1
162	51	18
162	57	8
162	62	16
162	65	8
162	68	1
162	76	9
162	82	4
162	84	8
162	91	5
162	92	15
162	94	19
162	102	3
162	107	18
162	108	4
162	110	6
162	112	11
162	113	18
162	115	6
162	117	4
162	120	12
162	123	1
162	127	11
162	133	2
162	138	3
162	150	14
162	153	9
162	155	17
162	157	11
162	161	2
162	163	15
162	172	18
162	173	16
162	175	9
162	180	12
162	181	15
162	187	12
162	196	20
162	197	8
162	198	10
162	199	12
163	3	5
163	6	11
163	10	2
163	11	4
163	18	16
163	19	18
163	20	3
163	24	2
163	25	13
163	29	1
163	31	11
163	33	4
163	39	1
163	40	4
163	46	3
163	54	10
163	62	11
163	63	16
163	64	3
163	66	18
163	73	2
163	77	20
163	79	11
163	82	7
163	84	14
163	89	16
163	91	20
163	92	19
163	93	15
163	99	12
163	106	19
163	109	9
163	111	20
163	113	9
163	127	6
163	129	14
163	133	3
163	135	6
163	138	15
163	139	9
163	141	20
163	142	19
163	144	11
163	154	5
163	157	12
163	161	5
163	162	18
163	164	1
163	165	17
163	172	16
163	177	15
163	184	13
163	185	9
163	193	4
163	194	4
163	198	12
164	1	7
164	3	6
164	6	18
164	7	2
164	8	19
164	11	12
164	16	15
164	22	12
164	23	18
164	30	10
164	33	10
164	34	10
164	40	13
164	42	6
164	44	13
164	49	2
164	54	20
164	56	8
164	58	14
164	60	7
164	61	17
164	65	3
164	66	20
164	69	17
164	71	5
164	73	12
164	77	14
164	85	3
164	86	18
164	90	12
164	94	19
164	109	3
164	110	6
164	112	3
164	113	1
164	117	9
164	124	19
164	126	16
164	129	5
164	133	2
164	140	18
164	143	16
164	144	5
164	148	17
164	153	3
164	158	1
164	159	3
164	163	7
164	165	10
164	168	12
164	169	16
164	177	2
164	181	5
164	184	1
164	188	7
164	191	7
164	194	19
165	2	17
165	11	8
165	17	12
165	26	17
165	28	13
165	34	1
165	35	1
165	45	20
165	50	16
165	53	9
165	58	16
165	61	4
165	63	5
165	70	6
165	72	9
165	74	19
165	76	11
165	86	7
165	100	15
165	102	7
165	103	3
165	104	1
165	106	18
165	120	4
165	121	6
165	125	3
165	128	1
165	134	4
165	138	17
165	140	12
165	141	19
165	142	5
165	144	7
165	147	16
165	152	11
165	156	12
165	164	18
165	166	9
165	170	11
165	172	14
165	174	19
165	175	15
165	178	7
165	182	20
165	185	7
165	187	2
165	196	18
165	197	2
165	198	5
165	200	5
166	1	18
166	2	17
166	3	2
166	5	8
166	11	10
166	18	14
166	23	6
166	31	14
166	33	16
166	36	5
166	39	6
166	46	6
166	50	3
166	54	17
166	56	6
166	59	3
166	60	5
166	63	11
166	64	9
166	67	6
166	69	14
166	71	18
166	72	19
166	73	13
166	79	5
166	87	2
166	117	11
166	119	20
166	124	9
166	127	10
166	135	16
166	139	18
166	143	13
166	144	20
166	145	5
166	146	19
166	150	17
166	153	2
166	154	10
166	157	5
166	158	9
166	159	13
166	160	16
166	162	8
166	163	15
166	165	13
166	167	12
166	188	11
166	194	15
166	197	17
166	199	7
167	4	16
167	9	20
167	10	3
167	11	15
167	24	9
167	25	17
167	26	17
167	27	8
167	29	18
167	30	2
167	39	4
167	40	15
167	42	4
167	43	18
167	44	8
167	52	9
167	68	18
167	69	7
167	77	3
167	82	6
167	85	18
167	92	9
167	93	1
167	96	6
167	99	9
167	100	9
167	102	13
167	107	18
167	109	1
167	112	20
167	120	15
167	127	13
167	129	4
167	130	8
167	139	15
167	140	9
167	141	2
167	143	13
167	145	6
167	148	18
167	149	7
167	150	13
167	151	4
167	155	11
167	157	13
167	161	5
167	164	9
167	166	4
167	168	12
167	173	1
167	174	15
167	182	16
167	187	20
168	3	19
168	6	13
168	12	20
168	18	5
168	24	2
168	27	10
168	28	9
168	32	13
168	33	14
168	39	14
168	42	8
168	43	18
168	47	3
168	50	17
168	51	5
168	55	9
168	61	3
168	64	10
168	65	7
168	66	2
168	71	4
168	74	9
168	75	13
168	83	7
168	85	6
168	86	2
168	92	7
168	95	2
168	97	10
168	101	9
168	111	3
168	113	18
168	121	16
168	122	13
168	123	11
168	126	10
168	127	13
168	132	8
168	133	16
168	137	20
168	138	20
168	144	17
168	150	16
168	155	12
168	157	6
168	158	19
168	159	15
168	161	16
168	163	16
168	167	1
168	169	9
168	171	2
168	183	3
168	184	5
168	188	13
168	189	4
168	190	2
168	195	19
168	200	4
169	4	12
169	11	11
169	13	10
169	18	7
169	19	4
169	20	7
169	21	19
169	22	11
169	28	19
169	36	8
169	40	7
169	43	1
169	47	15
169	52	19
169	57	16
169	59	5
169	66	11
169	71	19
169	74	3
169	85	10
169	94	9
169	95	4
169	101	14
169	104	5
169	114	7
169	117	7
169	120	7
169	122	9
169	128	13
169	132	16
169	135	14
169	138	11
169	140	6
169	148	18
169	151	5
169	152	13
169	155	7
169	162	10
169	166	4
169	167	18
169	168	14
169	170	24
169	174	16
169	176	20
169	177	4
169	181	13
169	183	16
169	185	19
169	187	5
169	191	17
169	194	3
169	198	8
170	1	7
170	4	3
170	10	2
170	12	20
170	23	16
170	24	17
170	29	2
170	31	1
170	36	9
170	37	3
170	44	3
170	53	13
170	55	19
170	57	5
170	61	7
170	63	12
170	64	20
170	66	18
170	67	17
170	70	6
170	72	7
170	73	10
170	74	4
170	75	8
170	77	6
170	83	4
170	84	8
170	87	9
170	94	11
170	95	7
170	96	15
170	99	6
170	101	14
170	103	3
170	104	7
170	105	3
170	113	8
170	115	16
170	116	19
170	122	15
170	125	13
170	130	5
170	131	16
170	133	8
170	136	13
170	137	2
170	139	8
170	144	7
170	153	3
170	155	3
170	157	8
170	159	6
170	160	2
170	162	5
170	166	3
170	169	12
170	171	16
170	172	7
170	174	14
170	179	15
170	183	6
170	184	17
170	188	2
170	195	3
171	2	13
171	9	17
171	13	17
171	28	12
171	38	10
171	39	7
171	41	20
171	45	14
171	47	11
171	48	13
171	52	5
171	69	16
171	75	12
171	76	17
171	82	16
171	86	14
171	93	15
171	98	7
171	99	16
171	101	10
171	103	7
171	104	8
171	105	5
171	106	7
171	115	3
171	119	15
171	121	12
171	122	20
171	125	1
171	128	17
171	131	9
171	135	4
171	140	11
171	141	7
171	142	12
171	147	11
171	151	3
171	154	17
171	164	15
171	169	4
171	170	30
171	172	20
171	174	5
171	175	15
171	178	20
171	181	12
171	182	14
171	183	2
171	186	4
171	194	18
172	3	9
172	4	5
172	12	1
172	13	15
172	14	11
172	22	3
172	28	13
172	30	19
172	35	16
172	48	9
172	49	16
172	50	7
172	63	20
172	65	20
172	66	12
172	68	17
172	69	1
172	71	19
172	72	14
172	101	11
172	103	1
172	105	14
172	106	9
172	109	16
172	112	16
172	120	17
172	122	12
172	134	16
172	139	19
172	142	2
172	145	14
172	148	5
172	151	9
172	154	12
172	158	2
172	167	16
172	168	2
172	170	3
172	171	22
172	173	10
172	174	18
172	176	20
172	177	6
172	197	13
173	1	12
173	4	1
173	13	9
173	21	10
173	22	4
173	24	12
173	32	14
173	38	7
173	39	3
173	41	14
173	43	12
173	46	18
173	55	6
173	62	12
173	64	7
173	69	6
173	78	19
173	79	7
173	86	14
173	87	2
173	97	19
173	99	19
173	100	19
173	103	14
173	106	17
173	111	4
173	116	15
173	117	8
173	120	5
173	124	16
173	126	18
173	132	16
173	141	14
173	143	3
173	146	14
173	149	1
173	150	4
173	156	5
173	170	5
173	172	8
173	174	19
173	175	18
173	181	3
173	185	12
173	189	2
173	191	3
173	197	12
173	199	13
174	2	3
174	6	15
174	10	4
174	11	2
174	12	18
174	13	9
174	14	2
174	15	17
174	18	9
174	22	1
174	38	6
174	39	5
174	40	2
174	41	9
174	45	17
174	47	1
174	65	14
174	69	5
174	76	8
174	78	9
174	80	6
174	84	9
174	87	14
174	89	14
174	93	20
174	98	20
174	99	10
174	100	4
174	102	8
174	104	12
174	105	19
174	113	20
174	114	11
174	122	20
174	123	8
174	133	11
174	141	1
174	144	10
174	149	20
174	153	3
174	156	15
174	158	6
174	162	5
174	164	5
174	165	8
174	167	15
174	168	19
174	173	13
174	175	16
174	176	16
174	179	16
174	180	2
174	188	6
174	190	19
174	192	9
174	196	5
174	197	18
174	200	2
175	1	4
175	8	7
175	13	17
175	16	6
175	21	20
175	22	6
175	26	6
175	27	1
175	30	7
175	35	12
175	37	18
175	38	12
175	39	3
175	40	9
175	58	11
175	64	10
175	68	12
175	75	11
175	77	10
175	79	12
175	84	12
175	86	10
175	89	12
175	91	3
175	95	20
175	96	18
175	97	12
175	101	2
175	102	3
175	106	19
175	107	10
175	108	10
175	116	20
175	117	8
175	119	19
175	125	11
175	130	10
175	135	20
175	142	4
175	143	12
175	149	13
175	159	3
175	163	8
175	165	16
175	174	10
175	176	9
175	177	16
175	181	9
175	183	4
175	184	17
175	186	10
175	188	9
175	199	4
175	200	3
176	15	19
176	16	15
176	19	11
176	22	12
176	23	18
176	30	12
176	33	16
176	34	12
176	36	9
176	41	5
176	43	18
176	47	14
176	50	5
176	55	12
176	56	7
176	57	10
176	64	1
176	70	10
176	72	3
176	74	12
176	85	19
176	89	16
176	92	13
176	93	6
176	102	17
176	116	14
176	117	8
176	118	17
176	121	17
176	123	15
176	129	16
176	138	6
176	140	17
176	143	6
176	147	1
176	151	13
176	154	19
176	155	9
176	158	4
176	159	14
176	160	16
176	163	17
176	164	7
176	173	5
176	174	9
176	175	4
176	177	34
176	183	12
176	187	1
176	190	1
176	191	2
176	192	10
176	194	3
177	4	3
177	13	6
177	18	14
177	19	19
177	21	7
177	22	18
177	29	6
177	30	11
177	39	7
177	43	11
177	44	1
177	58	12
177	59	2
177	61	3
177	62	1
177	63	19
177	64	12
177	70	13
177	72	17
177	73	14
177	75	16
177	76	4
177	81	1
177	82	12
177	83	20
177	84	13
177	85	16
177	87	20
177	88	6
177	93	18
177	94	14
177	102	9
177	103	10
177	107	14
177	108	8
177	122	1
177	127	7
177	130	14
177	136	9
177	137	15
177	140	11
177	141	7
177	147	1
177	157	9
177	161	18
177	162	20
177	163	16
177	165	15
177	173	14
177	176	38
177	178	24
177	183	19
177	187	2
177	194	8
177	200	13
178	5	13
178	14	18
178	19	4
178	20	2
178	21	7
178	22	20
178	26	16
178	34	9
178	40	4
178	45	13
178	48	15
178	50	13
178	52	14
178	61	5
178	64	8
178	65	9
178	66	8
178	68	14
178	74	10
178	78	8
178	80	12
178	83	19
178	87	18
178	101	14
178	106	2
178	114	3
178	118	4
178	124	2
178	126	10
178	127	11
178	128	11
178	131	17
178	135	7
178	153	8
178	159	20
178	164	20
178	165	17
178	168	4
178	169	1
178	171	11
178	176	13
178	177	4
178	179	20
178	181	19
178	184	11
178	187	7
178	191	19
178	193	18
178	195	20
178	198	3
179	6	13
179	7	12
179	16	4
179	18	2
179	19	6
179	20	12
179	21	3
179	23	16
179	24	5
179	25	3
179	29	18
179	34	2
179	37	19
179	41	20
179	44	5
179	45	16
179	47	15
179	48	3
179	49	11
179	50	7
179	53	18
179	60	20
179	64	1
179	65	14
179	76	5
179	77	3
179	78	13
179	79	14
179	103	19
179	104	6
179	105	17
179	106	3
179	107	8
179	110	13
179	112	6
179	113	7
179	117	6
179	118	14
179	121	14
179	123	2
179	128	9
179	129	13
179	131	13
179	132	15
179	135	10
179	136	2
179	139	7
179	144	10
179	147	2
179	149	2
179	150	10
179	151	6
179	154	13
179	155	20
179	159	5
179	164	8
179	165	4
179	166	2
179	168	20
179	170	7
179	171	4
179	174	15
179	175	17
179	178	5
179	180	12
179	186	1
179	197	5
180	15	16
180	18	9
180	23	13
180	28	5
180	29	18
180	32	10
180	34	20
180	37	14
180	41	11
180	44	18
180	46	6
180	47	12
180	48	13
180	53	1
180	68	16
180	73	3
180	80	2
180	83	14
180	92	9
180	112	14
180	115	13
180	122	15
180	123	3
180	131	17
180	134	12
180	136	1
180	139	3
180	145	18
180	150	2
180	155	7
180	156	19
180	157	14
180	158	6
180	165	1
180	176	10
180	178	11
180	179	17
180	181	34
180	187	11
180	188	5
180	190	8
180	195	10
181	1	13
181	2	12
181	11	12
181	18	1
181	21	3
181	23	3
181	27	7
181	28	16
181	30	15
181	33	12
181	36	15
181	38	13
181	39	10
181	44	16
181	48	7
181	51	12
181	52	3
181	54	16
181	69	19
181	72	10
181	73	18
181	82	17
181	84	13
181	88	3
181	89	15
181	100	18
181	116	20
181	118	12
181	119	7
181	125	4
181	130	1
181	132	9
181	133	15
181	138	5
181	141	13
181	146	15
181	147	19
181	152	16
181	154	1
181	160	5
181	163	4
181	165	20
181	166	2
181	168	9
181	169	8
181	170	7
181	174	13
181	175	5
181	180	20
181	182	16
181	184	12
181	187	10
181	190	5
181	200	2
182	5	2
182	6	4
182	7	5
182	11	19
182	12	7
182	15	20
182	16	17
182	24	17
182	33	12
182	42	15
182	48	9
182	50	13
182	62	15
182	63	10
182	65	15
182	69	18
182	70	5
182	76	14
182	81	13
182	82	15
182	86	16
182	89	14
182	94	5
182	115	12
182	117	1
182	125	17
182	127	8
182	147	5
182	152	4
182	158	13
182	166	12
182	169	19
182	172	1
182	174	5
182	180	3
182	181	4
182	183	12
182	184	5
182	185	19
182	186	11
182	188	18
182	195	14
182	198	13
183	5	19
183	15	10
183	24	4
183	25	1
183	28	14
183	30	18
183	31	14
183	33	20
183	35	4
183	36	19
183	47	17
183	50	4
183	54	11
183	56	17
183	61	16
183	64	18
183	66	4
183	71	20
183	78	2
183	83	10
183	91	9
183	96	18
183	101	3
183	102	15
183	104	16
183	107	7
183	108	5
183	109	20
183	111	10
183	112	15
183	116	3
183	122	4
183	124	7
183	130	11
183	137	1
183	141	14
183	145	10
183	146	15
183	160	4
183	172	9
183	178	12
183	182	36
183	184	18
183	190	16
183	191	13
183	197	4
184	5	10
184	11	15
184	16	11
184	17	15
184	25	10
184	27	14
184	29	15
184	30	14
184	36	11
184	39	17
184	48	9
184	56	15
184	64	4
184	70	13
184	80	12
184	92	6
184	93	19
184	95	20
184	96	5
184	97	17
184	98	17
184	101	1
184	102	6
184	110	16
184	111	3
184	113	5
184	114	5
184	115	18
184	121	5
184	122	10
184	124	5
184	127	16
184	131	13
184	137	20
184	147	12
184	149	19
184	153	4
184	154	19
184	159	9
184	160	16
184	161	5
184	164	7
184	172	13
184	180	5
184	183	2
184	185	12
184	190	3
184	193	11
184	196	10
184	197	12
185	4	8
185	7	2
185	10	7
185	19	7
185	22	5
185	28	1
185	39	5
185	45	5
185	46	14
185	56	20
185	68	4
185	73	16
185	74	5
185	76	11
185	78	5
185	93	19
185	95	9
185	101	10
185	104	16
185	110	17
185	113	1
185	116	11
185	124	11
185	125	17
185	127	4
185	135	8
185	137	3
185	145	19
185	148	2
185	152	18
185	156	1
185	157	14
185	165	15
185	169	17
185	172	11
185	179	14
185	180	13
185	184	11
185	186	20
185	187	19
185	192	4
185	197	11
186	15	20
186	16	9
186	23	9
186	26	14
186	28	6
186	31	11
186	36	11
186	38	1
186	43	10
186	44	6
186	50	19
186	57	15
186	62	20
186	69	15
186	75	16
186	80	9
186	96	6
186	97	11
186	99	4
186	107	13
186	111	1
186	113	2
186	116	19
186	121	9
186	124	6
186	128	18
186	133	11
186	134	8
186	136	9
186	141	19
186	144	5
186	146	14
186	148	1
186	151	6
186	154	13
186	156	8
186	159	7
186	162	7
186	165	14
186	174	11
186	176	16
186	185	6
186	187	6
186	192	16
186	195	16
186	196	15
187	2	12
187	13	2
187	15	14
187	17	19
187	25	10
187	35	11
187	37	4
187	38	14
187	42	19
187	46	5
187	47	12
187	59	8
187	62	7
187	68	9
187	93	12
187	95	17
187	98	15
187	99	6
187	100	4
187	105	19
187	107	11
187	111	7
187	118	20
187	119	16
187	122	3
187	127	7
187	131	6
187	132	19
187	134	8
187	148	9
187	158	18
187	162	5
187	178	4
187	179	5
187	181	8
187	186	3
187	188	2
187	200	12
188	3	16
188	4	7
188	11	2
188	14	19
188	21	5
188	24	11
188	26	6
188	27	19
188	29	9
188	34	20
188	38	5
188	39	17
188	49	8
188	50	5
188	51	6
188	55	2
188	56	6
188	70	9
188	76	5
188	81	4
188	83	10
188	85	11
188	89	3
188	107	16
188	108	18
188	113	6
188	114	2
188	126	2
188	128	2
188	136	2
188	138	19
188	142	2
188	148	8
188	151	3
188	154	10
188	155	13
188	156	11
188	157	2
188	161	16
188	162	2
188	172	15
188	182	5
188	183	9
188	184	10
188	187	14
188	189	4
188	192	7
188	195	16
189	2	3
189	3	13
189	4	18
189	9	15
189	11	7
189	13	13
189	18	20
189	23	10
189	25	5
189	36	16
189	37	18
189	46	13
189	57	14
189	60	6
189	62	11
189	66	17
189	70	20
189	75	18
189	79	2
189	83	4
189	88	3
189	96	12
189	109	3
189	122	6
189	125	4
189	134	10
189	135	13
189	136	14
189	138	20
189	141	1
189	142	18
189	143	16
189	144	14
189	153	8
189	154	10
189	161	5
189	163	4
189	167	19
189	168	10
189	169	8
189	170	14
189	177	15
189	187	12
189	188	4
189	190	10
189	191	9
189	192	18
189	194	1
189	199	8
189	200	14
190	2	14
190	6	2
190	11	17
190	14	18
190	16	1
190	19	6
190	20	14
190	21	15
190	23	16
190	27	15
190	30	17
190	32	10
190	36	8
190	43	19
190	48	19
190	49	12
190	50	9
190	60	9
190	62	18
190	63	8
190	77	6
190	82	16
190	83	8
190	89	9
190	91	13
190	92	20
190	111	20
190	113	9
190	130	4
190	132	3
190	140	8
190	149	11
190	150	5
190	168	15
190	169	16
190	178	9
190	185	13
190	186	11
190	189	12
190	191	14
190	193	8
190	199	5
191	1	7
191	3	10
191	5	19
191	9	18
191	11	11
191	17	20
191	20	20
191	25	13
191	26	10
191	34	10
191	35	3
191	39	19
191	45	18
191	46	19
191	50	14
191	51	9
191	57	13
191	66	11
191	69	9
191	70	9
191	80	16
191	81	14
191	84	8
191	88	18
191	89	19
191	91	10
191	93	20
191	103	16
191	111	8
191	114	9
191	116	20
191	133	2
191	136	1
191	145	4
191	149	9
191	150	5
191	157	6
191	160	15
191	169	15
191	170	5
191	172	6
191	177	7
191	179	19
191	182	19
191	186	16
191	189	17
191	190	24
191	192	22
191	194	7
191	199	5
192	1	5
192	2	1
192	4	20
192	5	10
192	7	14
192	17	13
192	24	18
192	26	9
192	28	1
192	31	19
192	44	7
192	50	16
192	57	15
192	59	14
192	66	14
192	67	15
192	75	5
192	76	8
192	77	9
192	81	12
192	85	4
192	88	17
192	89	2
192	93	10
192	98	7
192	109	17
192	111	11
192	118	3
192	120	7
192	123	1
192	126	17
192	129	19
192	131	2
192	141	1
192	146	2
192	148	8
192	155	20
192	159	7
192	163	3
192	171	3
192	172	5
192	175	9
192	185	10
192	186	15
192	187	19
192	191	6
192	193	17
192	194	5
192	195	6
192	196	3
193	1	4
193	2	4
193	3	8
193	6	4
193	12	20
193	13	20
193	17	8
193	20	8
193	23	3
193	30	16
193	35	14
193	40	17
193	44	13
193	48	19
193	49	14
193	50	12
193	51	1
193	56	1
193	57	11
193	61	17
193	62	13
193	65	5
193	74	20
193	80	12
193	83	10
193	85	3
193	86	4
193	89	8
193	92	8
193	93	1
193	94	3
193	97	5
193	98	9
193	100	11
193	101	13
193	103	2
193	105	8
193	110	6
193	118	1
193	120	16
193	123	11
193	129	18
193	135	5
193	137	9
193	141	5
193	146	7
193	147	2
193	148	20
193	150	20
193	152	18
193	154	20
193	155	3
193	156	20
193	158	18
193	166	5
193	171	7
193	173	10
193	176	20
193	183	8
193	186	20
193	191	16
193	192	16
193	194	19
193	197	6
193	198	17
194	2	8
194	9	5
194	13	15
194	15	20
194	34	2
194	37	15
194	39	10
194	46	5
194	47	9
194	48	9
194	51	14
194	54	6
194	55	14
194	56	16
194	60	11
194	63	3
194	66	17
194	70	1
194	72	7
194	76	6
194	77	10
194	78	16
194	79	2
194	86	6
194	90	16
194	95	3
194	97	1
194	98	8
194	101	1
194	102	15
194	108	8
194	110	10
194	119	18
194	124	15
194	125	3
194	133	9
194	135	19
194	137	5
194	154	2
194	158	6
194	168	2
194	169	4
194	170	15
194	174	12
194	176	17
194	177	5
194	182	4
194	183	14
194	190	10
194	193	12
194	195	6
194	198	3
195	1	4
195	4	14
195	6	12
195	7	3
195	12	3
195	15	8
195	19	17
195	27	13
195	32	19
195	36	5
195	38	11
195	47	14
195	49	4
195	50	16
195	51	10
195	52	16
195	54	20
195	60	13
195	65	2
195	70	8
195	71	18
195	75	2
195	79	12
195	81	3
195	84	8
195	91	7
195	104	7
195	108	3
195	110	3
195	113	9
195	118	14
195	120	11
195	122	12
195	124	13
195	127	6
195	128	19
195	129	4
195	135	14
195	136	6
195	143	7
195	153	4
195	162	12
195	175	9
195	180	6
195	181	18
195	182	9
195	185	14
195	189	8
195	193	3
195	194	14
195	196	19
195	198	17
195	200	2
196	1	6
196	6	8
196	10	11
196	18	10
196	22	15
196	23	3
196	27	3
196	35	7
196	40	12
196	41	16
196	48	10
196	60	10
196	62	6
196	63	18
196	68	7
196	71	19
196	73	4
196	74	17
196	75	9
196	78	6
196	84	14
196	86	19
196	93	15
196	98	20
196	100	13
196	105	12
196	111	16
196	113	6
196	121	17
196	122	13
196	123	1
196	126	8
196	127	3
196	133	7
196	138	2
196	152	10
196	155	16
196	157	2
196	160	15
196	161	18
196	162	1
196	165	12
196	167	12
196	175	8
196	181	3
196	182	3
196	184	5
196	185	19
196	191	11
196	193	13
196	195	4
196	197	30
196	199	6
197	4	7
197	8	18
197	11	10
197	21	1
197	25	5
197	29	7
197	30	15
197	33	6
197	36	4
197	37	18
197	43	15
197	52	19
197	55	10
197	58	16
197	65	18
197	66	18
197	68	17
197	73	10
197	75	16
197	76	10
197	79	9
197	84	13
197	87	16
197	91	8
197	94	12
197	96	12
197	98	14
197	109	18
197	110	20
197	113	11
197	115	13
197	123	12
197	124	3
197	127	20
197	129	15
197	133	12
197	142	11
197	146	13
197	147	5
197	156	3
197	160	13
197	163	16
197	171	2
197	172	12
197	173	5
197	176	12
197	179	19
197	181	2
197	182	12
197	185	5
197	194	10
197	195	9
197	196	5
197	198	11
197	199	3
198	3	7
198	4	19
198	5	12
198	6	1
198	11	17
198	13	19
198	17	7
198	19	14
198	25	4
198	27	15
198	28	9
198	31	18
198	35	6
198	36	12
198	44	5
198	49	4
198	54	18
198	61	4
198	65	19
198	68	17
198	71	14
198	74	4
198	75	15
198	77	1
198	81	20
198	82	14
198	93	18
198	96	7
198	102	10
198	107	20
198	110	5
198	111	4
198	112	15
198	115	11
198	116	13
198	120	9
198	128	14
198	131	13
198	133	17
198	136	19
198	145	3
198	147	2
198	152	3
198	154	12
198	157	18
198	158	20
198	177	19
198	179	3
198	181	8
198	184	3
198	188	16
198	190	13
198	191	11
198	197	18
198	199	2
199	1	9
199	5	12
199	11	2
199	12	19
199	15	1
199	16	15
199	18	4
199	20	12
199	22	8
199	23	20
199	33	1
199	34	15
199	35	19
199	36	11
199	41	2
199	44	1
199	49	12
199	51	5
199	57	15
199	61	1
199	63	11
199	64	13
199	72	17
199	73	18
199	77	14
199	80	7
199	82	16
199	84	18
199	85	12
199	89	17
199	90	8
199	96	19
199	98	6
199	99	5
199	101	15
199	103	2
199	104	14
199	110	5
199	111	4
199	125	7
199	129	14
199	130	10
199	131	19
199	134	1
199	135	12
199	140	8
199	144	9
199	150	12
199	155	11
199	160	12
199	162	20
199	169	11
199	172	15
199	177	17
199	180	4
199	183	14
199	185	19
199	196	9
199	198	16
199	200	19
200	3	6
200	5	17
200	6	15
200	10	9
200	11	5
200	16	7
200	21	16
200	28	3
200	35	7
200	38	4
200	43	7
200	45	15
200	47	2
200	50	3
200	51	19
200	60	18
200	61	8
200	64	16
200	71	14
200	73	20
200	78	18
200	80	15
200	84	19
200	91	1
200	93	15
200	98	7
200	102	8
200	105	1
200	107	11
200	110	3
200	111	6
200	116	12
200	117	16
200	125	19
200	127	10
200	130	18
200	132	18
200	137	8
200	138	17
200	139	2
200	140	6
200	141	14
200	142	4
200	146	10
200	148	16
200	151	7
200	157	13
200	162	3
200	166	14
200	168	14
200	173	18
200	176	2
200	182	3
200	183	1
200	185	11
200	187	9
200	190	10
200	199	20
