1	2	20
1	12	14
1	21	9
1	22	11
1	25	7
1	38	10
1	41	11
1	42	15
1	50	17
1	51	18
1	56	19
1	61	2
1	63	15
1	71	16
1	82	17
1	87	10
1	101	5
1	109	15
1	112	14
1	116	11
1	127	20
1	133	19
1	141	1
1	144	15
1	148	2
1	155	20
1	157	15
1	163	15
1	170	2
1	178	15
1	179	10
1	183	11
1	184	1
1	198	6
2	1	2
2	3	7
2	4	16
2	7	10
2	8	12
2	9	7
2	10	2
2	11	2
2	17	15
2	20	16
2	26	7
2	29	8
2	30	16
2	35	6
2	37	20
2	44	19
2	46	19
2	57	19
2	58	15
2	60	17
2	61	1
2	62	4
2	63	9
2	64	17
2	72	5
2	83	19
2	86	4
2	87	19
2	94	14
2	98	11
2	101	18
2	103	7
2	104	8
2	107	9
2	112	1
2	114	9
2	118	9
2	121	13
2	124	16
2	128	16
2	130	7
2	133	16
2	134	16
2	139	13
2	150	13
2	157	4
2	163	13
2	165	11
2	172	2
2	175	20
2	176	12
2	177	18
2	182	16
2	184	7
2	185	8
2	186	14
2	187	16
2	195	14
2	198	12
3	1	16
3	2	3
3	4	12
3	5	20
3	7	3
3	8	7
3	10	18
3	12	12
3	14	7
3	17	6
3	19	20
3	22	2
3	25	19
3	37	13
3	40	10
3	41	17
3	43	6
3	49	7
3	52	5
3	54	6
3	63	10
3	65	13
3	70	9
3	71	17
3	72	13
3	77	1
3	79	20
3	81	10
3	84	10
3	86	12
3	96	3
3	104	11
3	106	20
3	109	14
3	111	19
3	115	14
3	120	18
3	130	1
3	137	14
3	139	5
3	140	14
3	145	9
3	149	9
3	155	16
3	159	18
3	163	11
3	165	4
3	170	5
3	176	6
3	185	14
3	187	20
3	189	14
3	194	8
3	196	9
3	198	9
4	3	11
4	5	38
4	11	6
4	13	11
4	14	9
4	15	8
4	18	12
4	20	10
4	22	16
4	23	20
4	27	18
4	31	16
4	35	19
4	37	15
4	40	18
4	45	11
4	61	8
4	62	19
4	68	10
4	72	16
4	73	11
4	74	5
4	75	13
4	76	6
4	82	20
4	87	17
4	88	1
4	94	6
4	95	17
4	98	10
4	99	18
4	108	1
4	110	14
4	112	18
4	116	3
4	126	19
4	133	1
4	135	3
4	141	2
4	146	9
4	147	7
4	156	9
4	159	20
4	176	7
4	177	14
4	182	5
4	184	4
4	188	11
4	192	10
5	2	5
5	4	4
5	6	3
5	13	6
5	17	8
5	24	20
5	26	20
5	32	4
5	33	11
5	34	10
5	41	4
5	44	1
5	46	15
5	48	1
5	50	8
5	58	11
5	60	17
5	63	20
5	65	8
5	71	8
5	73	12
5	75	12
5	79	12
5	81	7
5	83	4
5	84	10
5	85	18
5	87	11
5	89	16
5	91	20
5	98	12
5	99	17
5	100	16
5	103	4
5	104	2
5	105	14
5	109	10
5	121	7
5	126	15
5	133	11
5	134	6
5	135	11
5	138	4
5	142	18
5	145	9
5	164	18
5	177	14
5	188	3
5	190	15
5	194	5
5	196	17
5	197	18
5	198	10
5	200	5
6	1	15
6	2	15
6	5	16
6	7	7
6	8	5
6	15	7
6	21	12
6	22	13
6	27	16
6	30	18
6	39	20
6	41	13
6	43	14
6	44	9
6	45	13
6	47	19
6	51	6
6	57	3
6	73	3
6	74	6
6	76	13
6	79	19
6	80	10
6	83	5
6	86	12
6	93	13
6	95	7
6	100	9
6	105	14
6	116	17
6	118	20
6	122	15
6	126	16
6	127	10
6	130	20
6	133	9
6	136	20
6	142	13
6	143	2
6	145	18
6	150	4
6	151	13
6	155	17
6	161	1
6	177	11
6	179	18
6	181	4
6	185	14
6	186	20
6	190	3
6	193	9
6	194	1
6	196	13
6	197	15
6	199	12
7	1	13
7	5	2
7	6	10
7	8	12
7	12	14
7	20	9
7	24	4
7	26	7
7	30	4
7	34	10
7	36	11
7	39	1
7	40	3
7	43	11
7	46	14
7	54	3
7	59	16
7	60	10
7	62	18
7	72	11
7	73	14
7	77	1
7	79	16
7	88	16
7	94	12
7	97	16
7	103	16
7	106	15
7	108	9
7	111	20
7	113	9
7	115	16
7	122	9
7	123	17
7	125	8
7	129	14
7	132	20
7	134	13
7	138	15
7	142	7
7	146	20
7	154	4
7	155	14
7	159	4
7	161	17
7	162	10
7	167	2
7	169	18
7	170	11
7	183	16
7	185	19
7	189	16
7	190	6
7	191	5
7	195	10
7	200	17
8	1	16
8	5	19
8	7	3
8	9	3
8	12	7
8	18	4
8	28	13
8	30	20
8	32	6
8	33	1
8	36	7
8	41	5
8	48	1
8	50	2
8	52	19
8	57	19
8	59	14
8	63	8
8	73	14
8	74	13
8	77	6
8	82	14
8	86	12
8	87	9
8	90	5
8	95	12
8	96	19
8	108	12
8	109	16
8	110	2
8	112	9
8	118	18
8	133	17
8	140	8
8	143	17
8	146	4
8	147	15
8	152	17
8	157	5
8	159	10
8	162	12
8	165	11
8	168	13
8	172	11
8	177	7
8	181	3
8	184	12
8	187	12
8	188	17
8	193	9
8	194	14
8	200	15
9	1	11
9	4	14
9	8	13
9	10	2
9	17	14
9	24	16
9	25	3
9	29	18
9	37	9
9	52	1
9	53	11
9	55	18
9	56	3
9	57	5
9	58	13
9	67	20
9	72	20
9	73	18
9	74	4
9	78	16
9	81	5
9	84	2
9	91	7
9	97	8
9	100	17
9	101	7
9	102	7
9	106	17
9	116	2
9	134	13
9	145	20
9	149	1
9	154	13
9	161	10
9	167	14
9	171	8
9	176	6
9	179	18
9	187	11
9	188	9
9	196	11
10	9	1
10	11	7
10	21	3
10	25	16
10	26	14
10	35	11
10	41	11
10	42	16
10	45	14
10	46	12
10	47	14
10	52	7
10	61	3
10	63	2
10	64	19
10	71	9
10	73	14
10	77	7
10	81	11
10	82	6
10	89	7
10	90	5
10	92	10
10	94	20
10	104	20
10	115	6
10	116	14
10	118	7
10	124	17
10	127	5
10	128	17
10	129	20
10	132	15
10	142	19
10	145	4
10	148	2
10	150	15
10	152	20
10	158	12
10	159	15
10	160	1
10	162	9
10	163	17
10	167	1
10	170	13
10	173	12
10	187	11
10	193	4
10	194	6
10	197	2
10	198	2
11	9	6
11	10	18
11	12	7
11	22	5
11	23	12
11	32	15
11	33	6
11	37	7
11	39	6
11	41	2
11	46	6
11	47	11
11	48	12
11	55	2
11	62	13
11	65	14
11	68	2
11	71	1
11	72	5
11	75	9
11	78	20
11	81	12
11	82	12
11	87	7
11	97	5
11	102	13
11	110	16
11	111	12
11	118	1
11	126	11
11	129	8
11	130	19
11	131	2
11	132	11
11	135	7
11	141	6
11	148	13
11	154	12
11	155	7
11	162	7
11	174	15
11	181	6
11	182	11
11	191	1
11	198	15
12	9	2
12	10	20
12	11	11
12	13	5
12	21	6
12	22	17
12	24	11
12	25	4
12	31	14
12	36	19
12	40	6
12	43	13
12	48	4
12	53	9
12	57	10
12	65	1
12	69	10
12	71	2
12	78	9
12	80	5
12	82	3
12	86	12
12	88	20
12	96	6
12	107	15
12	110	18
12	122	6
12	125	18
12	131	2
12	133	3
12	136	19
12	137	9
12	140	20
12	146	10
12	149	19
12	157	4
12	158	18
12	161	13
12	168	7
12	169	1
12	172	14
12	174	9
12	181	12
12	182	17
12	188	9
12	193	16
12	200	9
13	7	19
13	12	4
13	14	9
13	20	12
13	21	13
13	31	1
13	32	11
13	34	5
13	41	2
13	47	7
13	48	6
13	49	13
13	62	20
13	64	2
13	65	8
13	66	5
13	73	13
13	75	11
13	80	13
13	81	3
13	82	12
13	83	19
13	84	1
13	85	8
13	93	7
13	95	13
13	99	13
13	100	15
13	101	3
13	105	11
13	108	16
13	112	3
13	113	15
13	122	13
13	130	5
13	131	9
13	132	9
13	137	18
13	139	12
13	141	19
13	142	13
13	143	17
13	144	18
13	148	19
13	154	3
13	157	7
13	163	7
13	165	15
13	167	19
13	168	4
13	170	14
13	171	4
13	174	16
13	177	10
13	180	18
13	189	19
13	190	18
13	197	19
13	198	6
13	199	2
14	10	19
14	11	17
14	13	7
14	15	7
14	19	5
14	25	20
14	26	9
14	27	18
14	38	5
14	41	14
14	43	1
14	48	5
14	49	18
14	50	8
14	53	15
14	58	15
14	60	6
14	65	12
14	72	4
14	73	20
14	76	4
14	84	3
14	89	17
14	91	7
14	92	2
14	93	12
14	94	4
14	95	12
14	96	8
14	98	3
14	100	18
14	101	16
14	102	9
14	105	13
14	110	2
14	120	3
14	128	12
14	132	1
14	133	4
14	137	16
14	140	1
14	148	14
14	150	1
14	155	6
14	157	11
14	159	17
14	160	9
14	167	18
14	170	13
14	171	3
14	180	13
14	181	10
14	183	19
14	185	12
14	189	11
14	190	13
14	192	13
14	194	16
15	2	16
15	14	4
15	16	8
15	21	19
15	25	10
15	32	3
15	34	7
15	35	6
15	41	20
15	43	13
15	45	11
15	47	6
15	48	7
15	50	6
15	52	12
15	55	2
15	60	8
15	66	3
15	72	19
15	73	20
15	75	9
15	77	12
15	78	5
15	79	15
15	84	18
15	85	3
15	97	16
15	98	11
15	103	16
15	112	2
15	115	19
15	116	13
15	122	13
15	123	20
15	124	15
15	136	9
15	150	12
15	163	11
15	166	4
15	175	7
15	182	14
15	187	2
15	189	7
15	194	10
16	2	13
16	4	3
16	8	2
16	12	9
16	15	17
16	17	36
16	18	14
16	28	15
16	29	10
16	40	7
16	44	8
16	48	12
16	49	19
16	50	20
16	54	9
16	56	5
16	58	3
16	60	3
16	62	14
16	65	17
16	70	2
16	71	15
16	74	13
16	77	18
16	80	20
16	85	6
16	92	19
16	96	15
16	97	5
16	101	18
16	102	17
16	105	11
16	106	6
16	107	17
16	108	1
16	110	19
16	118	9
16	121	14
16	125	1
16	136	10
16	141	9
16	143	16
16	147	8
16	148	12
16	153	11
16	154	19
16	158	16
16	161	19
16	162	14
16	163	10
16	164	4
16	171	10
16	182	12
16	183	18
16	186	13
16	196	10
17	1	16
17	3	15
17	9	18
17	10	20
17	16	3
17	18	19
17	19	3
17	22	1
17	33	12
17	47	2
17	55	1
17	69	8
17	70	8
17	75	6
17	76	3
17	77	10
17	85	11
17	88	4
17	91	9
17	92	19
17	95	7
17	99	1
17	103	5
17	108	11
17	114	5
17	116	3
17	118	16
17	119	4
17	123	5
17	125	5
17	136	17
17	139	8
17	145	16
17	146	15
17	148	2
17	154	4
17	159	12
17	164	8
17	167	5
17	168	11
17	171	11
17	172	6
17	175	12
17	181	17
17	193	15
17	194	13
17	198	7
17	199	1
18	2	8
18	6	16
18	9	11
18	12	14
18	14	8
18	17	6
18	19	17
18	24	20
18	26	8
18	40	12
18	43	10
18	46	4
18	51	5
18	55	5
18	56	5
18	59	12
18	60	14
18	62	11
18	67	20
18	69	18
18	71	2
18	73	4
18	74	3
18	77	6
18	81	20
18	83	7
18	86	5
18	91	7
18	92	3
18	93	12
18	94	12
18	95	8
18	116	1
18	122	1
18	124	7
18	126	20
18	135	16
18	146	13
18	148	12
18	151	9
18	152	5
18	153	7
18	170	18
18	184	14
18	190	12
18	192	16
18	200	16
19	1	18
19	2	11
19	4	11
19	5	14
19	6	11
19	7	2
19	13	9
19	18	18
19	20	12
19	28	20
19	30	15
19	37	2
19	38	12
19	39	13
19	44	11
19	51	5
19	54	18
19	55	20
19	57	6
19	62	7
19	63	3
19	64	12
19	73	2
19	78	16
19	92	11
19	99	20
19	100	13
19	103	20
19	106	6
19	113	3
19	121	4
19	123	2
19	124	18
19	135	15
19	137	20
19	148	7
19	149	17
19	150	10
19	156	10
19	158	5
19	161	15
19	162	2
19	164	6
19	184	6
19	185	3
19	195	6
19	196	9
20	7	8
20	13	8
20	17	6
20	19	22
20	21	10
20	26	7
20	27	16
20	40	4
20	41	17
20	46	12
20	51	17
20	53	14
20	57	12
20	59	4
20	61	6
20	63	18
20	70	5
20	77	2
20	95	17
20	99	19
20	108	1
20	109	11
20	113	2
20	118	10
20	119	8
20	120	10
20	127	2
20	131	6
20	137	2
20	141	10
20	142	20
20	146	1
20	148	18
20	165	1
20	166	18
20	168	6
20	171	14
20	174	3
20	177	14
20	178	2
20	181	15
20	189	2
20	190	17
20	197	9
20	198	13
20	199	16
21	2	18
21	3	14
21	12	4
21	15	18
21	16	17
21	20	7
21	22	8
21	23	14
21	31	15
21	32	17
21	33	13
21	36	17
21	39	1
21	50	2
21	51	12
21	54	14
21	59	9
21	64	9
21	74	2
21	75	11
21	79	14
21	80	2
21	81	12
21	85	18
21	89	17
21	93	18
21	98	12
21	99	16
21	100	12
21	101	11
21	114	5
21	115	9
21	116	9
21	120	12
21	124	18
21	130	11
21	137	20
21	138	7
21	147	9
21	154	19
21	155	9
21	158	13
21	162	20
21	163	14
21	166	14
21	169	18
21	174	15
21	181	11
21	185	7
21	190	18
21	197	12
22	3	16
22	7	8
22	12	2
22	19	2
22	20	8
22	21	8
22	23	14
22	25	2
22	26	14
22	28	15
22	30	15
22	35	13
22	39	4
22	45	1
22	50	7
22	54	2
22	57	13
22	61	4
22	71	1
22	72	16
22	76	1
22	78	5
22	81	14
22	88	8
22	90	12
22	91	20
22	93	5
22	94	16
22	98	18
22	101	2
22	108	12
22	109	9
22	120	3
22	127	7
22	131	18
22	132	2
22	140	20
22	154	13
22	158	7
22	164	10
22	175	17
22	183	8
22	187	18
22	188	7
22	189	16
22	195	2
22	197	1
23	9	16
23	16	18
23	19	4
23	22	17
23	24	28
23	30	13
23	31	8
23	35	11
23	39	16
23	41	14
23	44	7
23	48	13
23	53	1
23	57	4
23	58	11
23	61	15
23	63	5
23	78	20
23	87	6
23	91	15
23	96	18
23	98	3
23	102	10
23	107	14
23	118	18
23	122	2
23	125	1
23	126	20
23	127	4
23	128	3
23	130	9
23	140	4
23	145	19
23	158	12
23	159	3
23	161	20
23	171	14
23	174	3
23	176	1
23	179	17
23	184	3
23	195	2
24	21	1
24	23	16
24	25	28
24	26	5
24	28	20
24	29	14
24	36	16
24	38	6
24	39	5
24	40	12
24	44	18
24	45	20
24	46	16
24	49	8
24	50	17
24	51	4
24	53	5
24	54	17
24	62	16
24	64	2
24	65	10
24	67	19
24	74	15
24	76	11
24	80	13
24	83	2
24	89	17
24	92	2
24	95	9
24	99	3
24	100	7
24	101	18
24	102	13
24	109	20
24	117	2
24	118	20
24	130	19
24	135	17
24	140	12
24	143	17
24	151	1
24	157	14
24	158	7
24	161	19
24	170	19
24	174	11
24	184	10
24	192	19
24	193	19
24	196	14
24	199	6
25	4	13
25	9	12
25	10	8
25	13	14
25	16	3
25	24	9
25	26	1
25	27	2
25	36	12
25	37	8
25	43	6
25	46	5
25	49	4
25	51	18
25	59	18
25	62	15
25	63	3
25	65	20
25	67	4
25	68	15
25	71	2
25	81	9
25	82	14
25	83	16
25	91	16
25	94	11
25	96	9
25	100	16
25	108	3
25	114	17
25	122	1
25	128	20
25	129	6
25	131	17
25	137	17
25	138	10
25	139	15
25	143	12
25	144	6
25	148	6
25	150	17
25	152	7
25	153	13
25	155	12
25	160	18
25	161	3
25	162	20
25	165	15
25	178	8
25	180	19
25	183	19
25	189	2
25	190	8
25	193	9
25	198	12
25	199	16
26	11	12
26	15	17
26	18	15
26	19	1
26	22	2
26	25	3
26	27	17
26	29	10
26	42	2
26	44	9
26	45	17
26	49	1
26	56	15
26	57	7
26	74	2
26	76	12
26	83	16
26	87	20
26	91	18
26	93	8
26	95	2
26	104	10
26	108	20
26	109	5
26	112	2
26	119	13
26	121	19
26	132	17
26	138	7
26	142	15
26	146	4
26	148	4
26	149	6
26	151	2
26	153	6
26	154	10
26	157	9
26	158	3
26	170	6
26	173	7
26	181	14
26	186	16
26	188	8
26	189	13
26	196	18
26	199	18
26	200	13
27	2	3
27	4	1
27	11	9
27	17	17
27	22	14
27	23	20
27	24	14
27	26	13
27	28	36
27	29	7
27	33	16
27	38	10
27	49	8
27	52	11
27	64	12
27	69	16
27	86	13
27	94	14
27	95	9
27	98	2
27	99	5
27	103	18
27	106	14
27	108	6
27	116	17
27	117	12
27	119	6
27	124	17
27	125	11
27	128	4
27	130	4
27	136	19
27	148	17
27	153	8
27	159	11
27	164	16
27	173	7
27	176	5
27	180	18
27	181	8
27	186	12
27	187	6
27	188	12
27	191	3
27	193	8
27	194	13
27	196	14
27	200	15
28	2	16
28	6	16
28	9	16
28	10	9
28	12	19
28	17	2
28	20	4
28	21	3
28	23	4
28	26	16
28	27	15
28	29	2
28	30	16
28	32	15
28	33	1
28	34	17
28	35	19
28	37	9
28	38	13
28	45	14
28	46	7
28	48	1
28	49	6
28	56	16
28	64	19
28	67	12
28	73	16
28	78	10
28	80	6
28	85	18
28	88	7
28	90	9
28	101	7
28	107	11
28	110	9
28	113	20
28	116	9
28	119	2
28	122	6
28	125	2
28	135	11
28	148	13
28	154	16
28	165	9
28	166	18
28	170	11
28	179	4
28	182	9
28	183	14
28	186	9
28	187	18
28	190	9
28	195	13
28	198	10
29	3	17
29	5	3
29	8	6
29	13	14
29	14	3
29	17	20
29	19	12
29	24	17
29	25	16
29	26	16
29	28	20
29	30	7
29	33	20
29	36	9
29	43	12
29	50	18
29	55	18
29	56	16
29	60	11
29	65	10
29	70	12
29	71	3
29	73	10
29	74	18
29	77	12
29	79	18
29	85	12
29	89	14
29	94	14
29	98	18
29	100	2
29	103	9
29	104	3
29	105	5
29	107	13
29	110	18
29	116	5
29	123	11
29	126	6
29	127	12
29	134	18
29	138	18
29	142	2
29	144	8
29	147	2
29	148	6
29	149	7
29	156	9
29	157	11
29	158	19
29	163	10
29	165	20
29	174	5
29	177	19
29	185	15
29	188	14
29	192	10
29	193	5
29	194	20
29	195	3
29	199	16
29	200	4
30	12	11
30	17	18
30	20	17
30	25	19
30	27	15
30	28	9
30	29	22
30	31	5
30	45	17
30	51	6
30	62	7
30	66	10
30	67	9
30	69	16
30	71	7
30	79	20
30	89	17
30	90	18
30	93	1
30	99	13
30	100	20
30	104	17
30	105	13
30	116	5
30	125	4
30	128	20
30	130	1
30	131	16
30	133	8
30	137	9
30	141	6
30	142	15
30	151	6
30	153	3
30	159	1
30	167	14
30	169	14
30	173	5
30	182	16
30	190	16
30	191	14
30	192	12
30	196	18
30	198	10
31	5	19
31	9	1
31	14	11
31	21	7
31	26	18
31	30	14
31	32	2
31	33	3
31	45	10
31	48	15
31	50	9
31	58	7
31	59	4
31	60	20
31	61	8
31	62	13
31	68	13
31	71	8
31	73	2
31	74	10
31	76	12
31	81	5
31	82	5
31	83	16
31	85	18
31	92	12
31	95	2
31	110	2
31	125	9
31	137	19
31	138	15
31	145	19
31	152	5
31	157	3
31	159	2
31	161	9
31	168	9
31	171	7
31	176	3
31	179	7
31	184	16
31	186	1
31	189	20
31	197	12
32	5	7
32	11	6
32	15	18
32	17	7
32	18	20
32	21	4
32	23	1
32	31	1
32	33	17
32	36	10
32	41	19
32	42	14
32	46	13
32	49	17
32	50	1
32	54	4
32	62	14
32	63	11
32	65	2
32	72	19
32	84	20
32	88	10
32	91	12
32	93	12
32	94	7
32	95	6
32	98	11
32	102	10
32	103	19
32	113	3
32	119	2
32	124	7
32	125	2
32	126	17
32	130	12
32	135	10
32	147	4
32	155	8
32	157	7
32	158	3
32	160	14
32	162	2
32	167	15
32	168	4
32	177	17
32	180	16
32	184	7
32	189	18
32	190	5
32	192	20
33	3	16
33	4	10
33	5	7
33	6	12
33	10	11
33	11	7
33	13	7
33	19	9
33	21	1
33	23	18
33	24	19
33	26	3
33	30	17
33	32	19
33	34	6
33	36	11
33	38	3
33	43	4
33	44	11
33	48	11
33	53	15
33	55	9
33	60	12
33	62	6
33	67	13
33	68	10
33	69	11
33	70	2
33	71	5
33	75	13
33	76	5
33	77	9
33	79	13
33	81	9
33	88	19
33	94	8
33	99	12
33	100	8
33	107	1
33	111	17
33	112	7
33	116	9
33	118	14
33	126	16
33	127	12
33	143	1
33	147	16
33	149	17
33	153	9
33	154	5
33	162	14
33	164	9
33	165	18
33	171	12
33	172	13
33	176	9
33	178	8
33	179	9
33	182	20
33	186	9
33	188	20
33	191	17
33	193	15
33	194	13
33	198	7
33	200	9
34	3	16
34	6	12
34	7	10
34	11	20
34	14	11
34	15	1
34	16	11
34	21	17
34	26	14
34	28	9
34	31	6
34	32	17
34	33	7
34	35	4
34	42	11
34	43	14
34	46	8
34	47	18
34	48	10
34	66	14
34	71	5
34	73	5
34	77	2
34	78	8
34	81	9
34	82	17
34	84	5
34	86	4
34	87	8
34	94	7
34	100	6
34	102	18
34	103	4
34	105	20
34	106	16
34	113	8
34	114	18
34	123	8
34	126	3
34	129	10
34	137	7
34	140	1
34	146	16
34	149	19
34	151	17
34	157	12
34	163	17
34	167	1
34	169	16
34	177	2
34	178	13
34	179	13
34	181	17
34	188	11
34	191	15
34	195	9
34	196	20
35	2	13
35	11	3
35	16	13
35	18	19
35	20	11
35	24	2
35	28	16
35	30	20
35	31	5
35	33	13
35	34	6
35	36	6
35	39	11
35	44	12
35	45	8
35	46	18
35	50	12
35	60	3
35	61	17
35	65	1
35	70	13
35	73	10
35	79	18
35	85	2
35	87	10
35	91	11
35	93	18
35	94	18
35	95	4
35	99	15
35	106	14
35	107	7
35	120	13
35	121	13
35	122	10
35	135	5
35	151	11
35	156	12
35	157	17
35	161	7
35	163	2
35	164	16
35	165	9
35	166	2
35	177	2
35	185	9
35	186	2
35	193	16
35	198	8
35	200	4
36	10	17
36	12	1
36	14	3
36	22	14
36	24	6
36	25	4
36	26	7
36	35	17
36	37	19
36	43	9
36	44	19
36	46	4
36	47	9
36	48	16
36	52	15
36	56	19
36	58	17
36	71	5
36	74	5
36	76	11
36	78	1
36	90	14
36	96	20
36	97	18
36	104	12
36	107	19
36	112	1
36	116	14
36	117	11
36	119	12
36	120	11
36	127	6
36	128	13
36	130	4
36	135	19
36	139	20
36	141	17
36	145	1
36	146	15
36	164	12
36	172	4
36	173	9
36	174	13
36	179	8
36	187	3
36	190	3
36	191	10
36	193	14
36	196	5
36	198	5
37	1	4
37	5	4
37	11	19
37	15	6
37	18	5
37	25	10
37	27	14
37	36	18
37	38	38
37	40	15
37	44	9
37	47	6
37	48	18
37	52	7
37	53	19
37	59	19
37	64	10
37	66	14
37	70	9
37	74	14
37	83	15
37	88	16
37	93	3
37	94	15
37	97	20
37	102	20
37	105	8
37	106	4
37	108	18
37	111	13
37	118	13
37	119	5
37	129	10
37	133	8
37	138	7
37	139	9
37	144	19
37	146	8
37	147	9
37	151	6
37	154	14
37	158	5
37	166	17
37	168	4
37	174	5
37	182	1
37	184	5
37	186	20
37	195	3
37	196	15
37	198	20
38	3	3
38	4	10
38	8	3
38	9	1
38	17	14
38	20	7
38	21	11
38	22	15
38	23	13
38	25	9
38	37	4
38	39	12
38	45	2
38	48	1
38	60	4
38	64	11
38	65	12
38	66	11
38	78	5
38	79	13
38	101	15
38	103	17
38	106	10
38	107	1
38	108	4
38	110	10
38	113	2
38	121	17
38	123	1
38	125	12
38	130	7
38	132	20
38	133	5
38	135	2
38	137	4
38	138	9
38	143	2
38	146	17
38	153	17
38	154	9
38	156	20
38	158	6
38	161	15
38	165	10
38	168	4
38	170	18
38	174	5
38	176	9
38	182	15
38	190	18
38	193	8
38	196	16
39	9	18
39	10	13
39	18	5
39	22	3
39	27	15
39	29	16
39	33	4
39	38	10
39	40	14
39	43	16
39	46	5
39	47	4
39	48	14
39	50	10
39	51	18
39	63	3
39	66	11
39	68	10
39	77	14
39	78	9
39	80	16
39	83	1
39	87	9
39	91	13
39	95	10
39	99	3
39	100	16
39	101	20
39	107	16
39	108	17
39	113	12
39	120	5
39	121	6
39	134	11
39	137	11
39	138	19
39	142	14
39	143	6
39	144	12
39	150	15
39	151	4
39	156	15
39	159	11
39	162	5
39	163	12
39	167	12
39	168	5
39	181	8
39	185	9
39	186	7
39	187	6
39	189	12
39	198	1
40	2	10
40	5	11
40	10	9
40	18	3
40	28	11
40	33	9
40	35	5
40	38	15
40	39	1
40	41	36
40	42	12
40	45	4
40	50	3
40	53	11
40	55	7
40	57	14
40	63	4
40	64	5
40	70	16
40	80	20
40	86	18
40	88	1
40	89	5
40	91	15
40	97	11
40	99	4
40	113	17
40	115	11
40	124	8
40	125	8
40	127	14
40	135	6
40	142	9
40	145	8
40	147	16
40	153	19
40	165	18
40	166	18
40	177	19
40	178	8
40	180	3
40	181	20
40	182	6
40	183	14
40	186	10
40	190	13
40	191	1
40	197	20
41	2	5
41	13	10
41	18	19
41	25	14
41	27	12
41	28	3
41	29	4
41	30	13
41	31	16
41	36	11
41	40	4
41	42	40
41	43	16
41	59	7
41	60	15
41	73	20
41	77	3
41	101	5
41	106	7
41	118	12
41	123	12
41	126	3
41	128	18
41	131	17
41	137	11
41	138	16
41	140	20
41	141	9
41	142	12
41	144	20
41	147	14
41	150	16
41	152	12
41	157	4
41	162	7
41	171	19
41	172	15
41	185	19
41	192	1
41	198	8
41	200	1
42	8	12
42	9	8
42	16	4
42	19	8
42	24	1
42	28	11
42	34	7
42	38	5
42	41	4
42	43	9
42	47	4
42	48	10
42	49	10
42	50	15
42	51	12
42	52	11
42	54	19
42	59	15
42	60	5
42	61	20
42	69	4
42	74	9
42	90	11
42	107	8
42	112	18
42	113	13
42	114	9
42	118	5
42	124	3
42	131	1
42	134	2
42	136	10
42	139	3
42	142	11
42	145	12
42	147	2
42	150	1
42	151	10
42	156	7
42	161	15
42	162	16
42	173	6
42	181	13
42	184	9
42	185	17
42	188	2
42	195	7
42	200	14
43	1	18
43	3	5
43	7	9
43	9	14
43	35	18
43	37	20
43	39	8
43	40	15
43	42	2
43	44	16
43	45	12
43	49	4
43	52	12
43	53	7
43	60	10
43	66	7
43	67	3
43	74	15
43	78	5
43	82	4
43	84	9
43	89	18
43	92	14
43	97	5
43	102	18
43	103	12
43	104	2
43	110	10
43	111	11
43	114	6
43	127	13
43	130	17
43	137	14
43	138	7
43	139	9
43	147	6
43	149	17
43	151	18
43	152	9
43	153	10
43	155	12
43	158	3
43	160	19
43	164	7
43	165	9
43	172	17
43	177	9
43	181	9
43	186	3
43	192	8
43	198	2
43	200	4
44	1	10
44	2	16
44	6	2
44	17	14
44	21	2
44	23	17
44	24	1
44	25	17
44	28	4
44	31	8
44	32	1
44	37	1
44	38	14
44	43	38
44	45	6
44	49	14
44	54	16
44	56	12
44	57	7
44	62	20
44	71	13
44	74	20
44	79	14
44	83	9
44	85	5
44	90	2
44	94	2
44	95	5
44	97	5
44	105	8
44	106	11
44	107	6
44	109	12
44	110	6
44	113	13
44	116	5
44	122	15
44	125	17
44	126	8
44	127	10
44	129	16
44	131	11
44	144	9
44	145	5
44	146	5
44	153	10
44	159	17
44	162	19
44	163	4
44	165	18
44	168	11
44	169	8
44	172	17
44	179	16
44	180	13
44	185	4
44	191	11
44	193	11
44	196	15
44	197	7
44	198	18
45	1	18
45	5	3
45	16	9
45	32	3
45	43	15
45	44	9
45	46	7
45	53	1
45	54	10
45	57	14
45	59	9
45	64	18
45	67	7
45	73	2
45	75	17
45	77	17
45	79	4
45	90	5
45	91	15
45	93	18
45	95	17
45	99	8
45	102	5
45	104	13
45	111	19
45	112	3
45	113	9
45	119	9
45	123	8
45	128	13
45	132	4
45	135	14
45	141	16
45	142	10
45	151	6
45	154	11
45	157	17
45	164	19
45	167	16
45	171	13
45	178	10
45	183	18
45	189	20
45	195	4
45	197	10
45	198	2
46	5	5
46	9	4
46	11	4
46	15	11
46	18	7
46	21	9
46	29	19
46	31	17
46	35	18
46	37	5
46	43	17
46	45	2
46	47	4
46	54	13
46	57	2
46	58	1
46	63	20
46	71	12
46	78	19
46	80	14
46	82	8
46	86	12
46	91	4
46	92	11
46	94	14
46	96	13
46	101	5
46	104	1
46	105	15
46	108	2
46	114	19
46	132	14
46	135	16
46	139	15
46	140	9
46	150	13
46	156	19
46	163	19
46	171	1
46	172	6
46	173	12
46	176	20
46	178	8
46	180	15
46	182	18
46	184	16
46	187	17
46	193	4
46	200	14
47	4	7
47	14	20
47	20	15
47	23	17
47	30	4
47	36	20
47	41	3
47	42	4
47	45	18
47	46	4
47	48	19
47	53	2
47	56	2
47	57	11
47	60	6
47	61	12
47	62	5
47	64	19
47	65	7
47	67	7
47	76	13
47	84	4
47	85	8
47	87	7
47	91	14
47	93	10
47	94	14
47	95	14
47	96	6
47	98	19
47	102	20
47	103	8
47	105	13
47	106	6
47	108	16
47	111	3
47	112	12
47	115	3
47	130	17
47	133	14
47	134	1
47	137	15
47	140	14
47	141	15
47	145	16
47	148	10
47	149	2
47	152	14
47	157	1
47	158	19
47	163	3
47	166	12
47	167	2
47	171	9
47	176	4
47	181	1
47	183	9
48	1	19
48	18	7
48	21	13
48	22	4
48	23	19
48	30	7
48	32	10
48	34	19
48	37	2
48	39	3
48	44	3
48	47	17
48	49	18
48	56	12
48	60	14
48	62	11
48	72	16
48	74	11
48	80	17
48	84	2
48	86	17
48	88	11
48	89	20
48	95	17
48	97	8
48	98	9
48	107	7
48	113	14
48	115	14
48	117	11
48	124	9
48	125	20
48	126	7
48	127	17
48	131	1
48	136	15
48	146	11
48	156	5
48	166	8
48	177	3
48	180	3
48	188	2
48	189	10
48	196	5
48	197	4
49	1	17
49	4	3
49	6	4
49	24	2
49	25	1
49	28	14
49	29	19
49	32	4
49	41	14
49	42	3
49	45	13
49	48	16
49	50	2
49	52	5
49	58	7
49	61	19
49	65	18
49	66	12
49	67	15
49	68	13
49	69	3
49	72	4
49	76	8
49	77	8
49	80	18
49	83	16
49	90	3
49	94	5
49	95	8
49	99	9
49	100	9
49	105	20
49	113	5
49	118	16
49	120	9
49	140	6
49	141	9
49	146	18
49	149	4
49	167	13
49	171	20
49	178	10
49	179	13
49	181	12
49	185	17
49	186	20
49	188	2
49	190	15
49	193	14
49	195	16
50	4	4
50	6	18
50	7	18
50	8	20
50	10	17
50	13	12
50	23	17
50	24	7
50	25	14
50	26	14
50	28	2
50	34	20
50	49	16
50	51	18
50	52	10
50	54	1
50	57	16
50	60	17
50	63	18
50	70	9
50	76	15
50	79	13
50	87	14
50	92	11
50	94	16
50	98	15
50	107	2
50	115	6
50	119	14
50	120	16
50	128	3
50	130	17
50	132	7
50	133	19
50	138	20
50	141	20
50	145	5
50	149	1
50	152	1
50	155	1
50	156	11
50	158	2
50	164	18
50	170	3
50	171	13
50	172	8
50	176	16
50	186	11
50	190	7
50	193	3
50	195	7
51	1	14
51	2	6
51	4	11
51	10	3
51	12	3
51	13	7
51	16	8
51	17	17
51	28	16
51	36	8
51	39	17
51	47	12
51	49	10
51	50	13
51	52	11
51	54	11
51	59	4
51	61	12
51	63	3
51	64	5
51	68	5
51	70	4
51	71	20
51	85	7
51	86	13
51	87	18
51	89	20
51	97	13
51	98	9
51	102	11
51	109	3
51	114	13
51	116	14
51	120	10
51	127	13
51	128	15
51	141	11
51	153	18
51	156	5
51	162	5
51	163	1
51	164	13
51	168	13
51	172	4
51	173	20
51	177	16
51	178	5
51	179	4
51	183	16
51	184	16
51	198	5
52	6	15
52	10	11
52	12	10
52	16	2
52	20	17
52	23	12
52	28	3
52	35	20
52	36	12
52	37	14
52	42	14
52	43	13
52	44	1
52	49	3
52	51	11
52	53	6
52	54	15
52	56	15
52	57	15
52	58	18
52	64	2
52	72	3
52	78	3
52	84	6
52	92	10
52	95	2
52	96	8
52	99	2
52	101	19
52	109	20
52	110	7
52	125	10
52	127	12
52	130	2
52	139	4
52	140	17
52	142	6
52	148	7
52	152	6
52	156	20
52	159	3
52	160	15
52	169	17
52	189	5
52	190	8
52	192	15
52	193	8
52	194	14
52	195	1
52	200	2
53	1	13
53	5	13
53	7	8
53	8	13
53	9	9
53	13	16
53	14	7
53	19	12
53	20	14
53	21	9
53	22	9
53	32	1
53	39	14
53	52	2
53	54	4
53	55	7
53	58	20
53	60	19
53	63	8
53	68	17
53	71	9
53	75	17
53	80	2
53	82	15
53	85	20
53	93	13
53	96	10
53	98	14
53	101	7
53	102	17
53	103	15
53	104	18
53	105	3
53	111	8
53	112	18
53	117	3
53	120	8
53	124	18
53	126	14
53	130	17
53	134	14
53	136	8
53	142	1
53	148	11
53	155	11
53	160	5
53	161	9
53	167	10
53	177	4
53	184	20
53	185	19
53	192	13
53	194	12
53	198	5
54	1	18
54	4	10
54	5	17
54	6	2
54	7	6
54	8	9
54	9	20
54	10	11
54	12	20
54	22	8
54	29	7
54	33	11
54	36	4
54	38	9
54	42	10
54	46	10
54	48	13
54	51	16
54	53	17
54	55	12
54	58	14
54	60	15
54	64	17
54	67	20
54	79	12
54	85	3
54	87	19
54	96	11
54	98	3
54	105	8
54	110	15
54	121	16
54	126	17
54	127	20
54	128	17
54	129	10
54	133	8
54	134	13
54	135	5
54	138	15
54	141	5
54	158	20
54	159	9
54	165	3
54	167	4
54	169	9
54	176	15
54	177	15
54	180	19
54	185	13
54	186	1
54	189	9
54	193	3
54	195	9
55	1	1
55	2	11
55	4	12
55	7	14
55	9	19
55	10	12
55	20	16
55	26	17
55	29	8
55	30	5
55	32	1
55	33	14
55	40	3
55	47	20
55	50	2
55	53	11
55	54	6
55	56	19
55	59	8
55	68	3
55	79	1
55	81	9
55	84	12
55	86	19
55	89	9
55	91	14
55	93	18
55	94	5
55	100	16
55	105	13
55	113	13
55	114	18
55	115	18
55	116	7
55	120	6
55	123	3
55	136	11
55	137	10
55	144	5
55	146	12
55	148	4
55	149	5
55	150	17
55	151	17
55	161	9
55	162	5
55	163	2
55	167	2
55	179	1
55	184	7
55	186	8
55	190	15
55	192	5
55	194	17
55	195	12
55	197	1
55	198	3
56	3	15
56	4	1
56	12	7
56	17	18
56	18	14
56	19	4
56	25	4
56	27	3
56	29	20
56	34	17
56	35	14
56	39	1
56	41	9
56	43	7
56	53	7
56	55	14
56	57	10
56	58	14
56	59	2
56	61	13
56	66	14
56	70	19
56	75	18
56	83	7
56	89	1
56	98	14
56	106	10
56	115	5
56	122	12
56	123	6
56	124	5
56	134	10
56	135	9
56	136	1
56	138	5
56	151	2
56	152	15
56	158	16
56	163	14
56	164	16
56	165	17
56	168	7
56	176	9
56	186	20
56	190	11
56	193	12
56	194	16
56	195	5
56	196	14
56	198	18
56	200	12
57	1	15
57	3	17
57	8	7
57	14	4
57	19	20
57	21	7
57	25	4
57	26	20
57	33	1
57	35	18
57	36	14
57	39	13
57	43	20
57	44	5
57	48	17
57	53	8
57	56	2
57	58	14
57	60	13
57	68	16
57	69	3
57	70	6
57	77	13
57	85	13
57	86	7
57	89	11
57	99	10
57	105	1
57	109	19
57	114	14
57	130	16
57	131	9
57	134	2
57	136	4
57	145	20
57	159	16
57	164	2
57	166	17
57	168	18
57	170	8
57	171	19
57	175	17
57	177	8
57	182	12
57	183	4
57	184	11
57	186	6
57	188	12
57	189	5
57	194	11
57	196	9
57	197	3
57	199	7
58	2	8
58	7	16
58	9	9
58	19	12
58	24	8
58	26	15
58	31	7
58	33	12
58	34	11
58	41	2
58	42	12
58	43	8
58	46	8
58	48	8
58	51	19
58	52	10
58	55	17
58	57	16
58	59	7
58	60	1
58	68	11
58	69	3
58	71	11
58	72	7
58	80	2
58	82	15
58	83	19
58	84	12
58	85	15
58	93	1
58	95	18
58	104	13
58	105	5
58	107	13
58	112	4
58	122	13
58	130	15
58	134	6
58	136	19
58	143	10
58	147	2
58	148	14
58	157	19
58	158	14
58	163	18
58	167	13
58	173	10
58	178	6
58	181	18
58	192	9
58	196	1
59	3	11
59	7	17
59	10	15
59	16	5
59	18	18
59	22	1
59	26	10
59	29	4
59	38	6
59	43	13
59	49	6
59	56	1
59	58	18
59	60	6
59	71	8
59	74	17
59	75	7
59	78	8
59	83	8
59	87	20
59	91	9
59	92	7
59	99	16
59	107	4
59	109	17
59	117	1
59	118	17
59	119	10
59	120	19
59	124	12
59	126	17
59	130	19
59	132	15
59	133	11
59	134	13
59	141	14
59	148	16
59	150	5
59	154	11
59	155	13
59	156	4
59	158	5
59	166	10
59	168	4
59	171	1
59	176	2
59	177	13
59	179	1
59	180	8
59	187	16
59	189	9
59	193	19
59	194	13
60	4	2
60	7	4
60	10	8
60	15	14
60	17	14
60	19	14
60	20	13
60	23	1
60	26	18
60	27	16
60	32	12
60	33	11
60	34	3
60	35	7
60	37	12
60	42	12
60	44	7
60	47	7
60	56	8
60	59	16
60	61	10
60	63	6
60	64	20
60	69	20
60	81	9
60	82	14
60	83	5
60	86	5
60	90	11
60	96	9
60	98	16
60	104	17
60	106	11
60	113	9
60	117	3
60	118	11
60	123	2
60	125	19
60	130	17
60	133	5
60	135	10
60	136	6
60	151	17
60	154	15
60	155	4
60	157	10
60	159	13
60	162	9
60	165	18
60	170	6
60	177	9
60	179	14
60	185	13
60	187	15
60	189	18
60	193	20
60	198	8
61	1	9
61	10	7
61	12	8
61	13	18
61	21	9
61	23	10
61	24	5
61	25	8
61	32	10
61	34	9
61	35	12
61	46	3
61	52	3
61	55	2
61	60	5
61	62	1
61	65	8
61	69	10
61	74	3
61	79	13
61	85	11
61	86	3
61	90	7
61	93	13
61	105	10
61	107	11
61	108	3
61	115	9
61	119	7
61	133	7
61	134	4
61	135	1
61	137	2
61	141	17
61	143	13
61	144	16
61	148	5
61	152	15
61	154	17
61	160	9
61	161	9
61	164	8
61	165	17
61	166	6
61	168	4
61	170	17
61	175	6
61	182	13
61	183	1
61	184	6
61	189	3
61	190	15
61	196	17
61	200	9
62	5	6
62	6	2
62	13	4
62	16	8
62	18	18
62	21	6
62	25	11
62	34	6
62	36	3
62	37	9
62	40	3
62	41	11
62	49	4
62	54	10
62	57	2
62	61	8
62	63	8
62	64	15
62	65	15
62	67	10
62	68	8
62	71	16
62	75	19
62	76	7
62	78	5
62	85	11
62	86	17
62	87	18
62	92	19
62	112	7
62	116	5
62	121	10
62	122	10
62	123	6
62	126	3
62	130	6
62	132	3
62	135	19
62	138	20
62	140	20
62	142	12
62	146	20
62	147	16
62	148	8
62	150	11
62	152	15
62	153	18
62	154	7
62	155	10
62	158	12
62	161	5
62	165	11
62	167	15
62	168	16
62	171	18
62	175	11
62	176	6
62	182	17
62	184	3
62	187	6
62	192	5
62	193	6
62	194	17
62	195	15
63	2	18
63	8	11
63	11	9
63	14	5
63	15	3
63	16	15
63	21	15
63	25	12
63	26	5
63	29	4
63	32	13
63	36	13
63	42	13
63	51	6
63	52	16
63	58	12
63	60	19
63	62	6
63	64	12
63	74	20
63	76	12
63	79	2
63	85	6
63	88	9
63	93	20
63	96	3
63	101	16
63	103	12
63	104	11
63	108	8
63	109	4
63	110	4
63	112	2
63	117	18
63	120	6
63	123	15
63	129	3
63	131	9
63	134	17
63	135	8
63	147	16
63	150	1
63	154	4
63	157	20
63	162	3
63	163	16
63	164	3
63	165	2
63	169	2
63	175	8
63	176	5
63	180	3
63	182	7
63	188	15
63	193	10
63	195	13
63	196	8
63	197	16
63	198	13
64	1	11
64	12	11
64	17	2
64	18	3
64	19	8
64	25	17
64	33	18
64	34	16
64	35	5
64	38	14
64	41	18
64	43	13
64	45	18
64	46	19
64	54	14
64	56	18
64	63	30
64	65	20
64	73	9
64	74	2
64	75	16
64	79	11
64	81	19
64	82	4
64	83	20
64	90	8
64	91	2
64	92	20
64	97	19
64	102	12
64	105	7
64	106	3
64	111	8
64	112	16
64	113	7
64	115	16
64	116	20
64	120	16
64	127	2
64	135	17
64	139	1
64	141	10
64	143	3
64	144	18
64	146	10
64	148	16
64	149	7
64	151	14
64	153	17
64	160	20
64	163	15
64	165	12
64	166	10
64	171	2
64	176	10
64	189	3
64	190	7
64	195	19
64	196	13
64	199	10
64	200	11
65	5	20
65	8	5
65	13	3
65	18	1
65	27	5
65	28	12
65	35	1
65	47	4
65	57	10
65	58	7
65	64	2
65	66	6
65	68	9
65	73	7
65	75	8
65	79	11
65	81	3
65	83	5
65	85	3
65	86	15
65	89	14
65	90	12
65	92	8
65	97	10
65	99	16
65	104	10
65	105	16
65	106	10
65	109	2
65	115	15
65	118	19
65	129	8
65	130	15
65	134	11
65	135	11
65	137	18
65	140	12
65	152	12
65	153	15
65	157	3
65	163	10
65	167	17
65	174	10
65	175	19
65	178	1
65	179	11
65	191	3
65	193	17
65	200	1
66	1	10
66	3	5
66	9	1
66	12	12
66	17	6
66	20	12
66	31	7
66	32	8
66	38	3
66	47	14
66	48	4
66	52	1
66	59	13
66	60	20
66	65	2
66	67	13
66	73	2
66	80	8
66	83	18
66	85	20
66	86	7
66	95	20
66	99	10
66	100	10
66	103	16
66	108	11
66	110	2
66	113	5
66	115	17
66	116	20
66	126	9
66	127	9
66	137	9
66	144	5
66	149	20
66	152	7
66	153	7
66	154	19
66	156	17
66	161	6
66	168	15
66	169	8
66	179	11
66	181	5
66	182	4
66	184	6
66	185	12
66	187	6
66	192	16
66	194	3
66	196	18
66	198	17
66	200	17
67	1	2
67	2	15
67	5	1
67	13	18
67	18	13
67	22	7
67	29	1
67	32	17
67	36	20
67	39	18
67	42	2
67	55	4
67	61	10
67	66	6
67	68	20
67	69	4
67	78	5
67	84	11
67	85	2
67	86	12
67	91	8
67	93	15
67	96	13
67	105	4
67	108	5
67	114	8
67	115	1
67	117	5
67	119	4
67	125	18
67	129	13
67	140	1
67	148	14
67	156	2
67	159	15
67	160	1
67	167	8
67	170	3
67	173	7
67	175	13
67	176	14
67	178	18
67	183	2
67	185	5
67	187	10
67	194	6
67	195	13
67	199	11
67	200	13
68	1	2
68	4	7
68	6	8
68	7	7
68	9	4
68	12	9
68	13	4
68	15	8
68	18	16
68	19	11
68	29	2
68	30	4
68	32	10
68	36	13
68	37	15
68	45	3
68	54	4
68	55	1
68	59	18
68	61	8
68	62	5
68	64	9
68	65	5
68	67	11
68	69	28
68	71	18
68	76	13
68	77	18
68	90	1
68	93	12
68	100	1
68	108	18
68	112	10
68	113	8
68	125	7
68	130	5
68	134	8
68	135	1
68	136	15
68	139	18
68	141	17
68	147	17
68	148	15
68	158	20
68	166	15
68	171	17
68	174	6
68	176	12
68	180	19
68	183	13
68	185	20
68	193	14
68	196	1
68	198	11
69	9	20
69	11	9
69	23	4
69	24	18
69	31	3
69	34	19
69	36	10
69	37	15
69	46	7
69	49	2
69	56	8
69	59	14
69	65	13
69	68	7
69	70	14
69	74	6
69	79	8
69	82	8
69	83	20
69	85	6
69	92	6
69	94	3
69	96	6
69	99	16
69	101	1
69	114	15
69	116	16
69	122	14
69	124	15
69	129	10
69	140	14
69	151	12
69	157	8
69	165	11
69	166	2
69	174	9
69	180	16
69	183	1
69	188	9
69	190	12
69	193	11
69	196	1
69	200	7
70	15	19
70	19	18
70	21	1
70	25	14
70	28	7
70	29	12
70	39	14
70	41	7
70	42	11
70	45	16
70	46	16
70	48	10
70	49	2
70	50	6
70	51	10
70	54	12
70	55	1
70	57	17
70	60	11
70	61	12
70	69	1
70	71	17
70	72	5
70	74	4
70	75	19
70	78	6
70	79	7
70	81	8
70	84	20
70	87	10
70	89	2
70	94	5
70	97	13
70	99	7
70	103	20
70	104	3
70	105	6
70	107	14
70	108	9
70	110	18
70	114	14
70	116	18
70	118	19
70	119	2
70	120	7
70	129	17
70	136	5
70	137	11
70	138	6
70	142	19
70	144	18
70	146	16
70	147	13
70	149	1
70	150	11
70	155	8
70	156	13
70	157	11
70	164	2
70	169	15
70	181	12
70	195	15
70	199	10
71	2	12
71	4	7
71	6	17
71	11	15
71	17	9
71	18	9
71	23	18
71	25	7
71	27	11
71	29	1
71	32	4
71	33	20
71	42	3
71	45	20
71	46	13
71	49	18
71	57	2
71	60	8
71	70	19
71	72	8
71	73	14
71	75	6
71	77	19
71	78	15
71	80	18
71	87	10
71	89	15
71	101	15
71	107	13
71	111	20
71	122	3
71	129	15
71	135	9
71	137	9
71	140	15
71	151	20
71	152	7
71	153	9
71	154	20
71	156	8
71	161	3
71	163	8
71	167	18
71	173	12
71	174	1
71	175	4
71	180	16
71	181	17
71	184	8
72	1	13
72	3	12
72	4	5
72	13	20
72	16	16
72	19	13
72	20	6
72	26	13
72	28	12
72	29	7
72	40	8
72	49	12
72	54	3
72	56	17
72	62	13
72	64	12
72	67	20
72	71	1
72	73	3
72	76	10
72	81	12
72	84	5
72	91	6
72	94	3
72	98	2
72	103	20
72	105	1
72	110	4
72	114	7
72	116	18
72	122	15
72	126	5
72	130	15
72	132	18
72	137	13
72	143	7
72	145	11
72	150	7
72	153	2
72	157	6
72	160	16
72	164	18
72	165	10
72	166	16
72	170	2
72	172	18
72	174	5
72	177	8
72	189	7
72	190	15
73	1	12
73	6	12
73	8	18
73	14	8
73	20	13
73	21	15
73	22	20
73	23	2
73	25	6
73	28	14
73	32	9
73	34	20
73	37	16
73	41	13
73	47	16
73	49	10
73	62	15
73	65	13
73	67	12
73	70	20
73	72	19
73	74	16
73	76	4
73	85	19
73	89	12
73	91	11
73	92	17
73	93	5
73	97	9
73	101	13
73	103	15
73	104	3
73	105	15
73	111	6
73	116	19
73	118	17
73	119	17
73	125	14
73	130	11
73	131	18
73	136	4
73	152	17
73	153	7
73	154	4
73	157	5
73	159	4
73	160	2
73	162	8
73	164	15
73	166	18
73	167	1
73	168	19
73	171	7
73	175	6
73	176	18
73	178	2
73	182	13
73	186	14
73	196	3
74	5	5
74	7	9
74	11	15
74	13	14
74	16	4
74	19	9
74	20	9
74	26	8
74	36	4
74	43	8
74	52	5
74	53	7
74	56	12
74	72	15
74	73	16
74	75	10
74	80	8
74	84	18
74	85	6
74	87	12
74	93	20
74	99	12
74	107	10
74	118	9
74	121	1
74	125	5
74	127	13
74	130	1
74	133	6
74	134	18
74	142	14
74	143	8
74	147	4
74	150	5
74	152	10
74	155	17
74	156	17
74	161	14
74	164	1
74	166	18
74	167	11
74	170	20
74	176	2
74	187	12
74	194	16
74	196	10
74	198	3
75	1	4
75	9	3
75	11	13
75	13	9
75	24	17
75	25	3
75	26	3
75	31	1
75	33	19
75	40	3
75	43	5
75	50	8
75	64	10
75	71	18
75	72	20
75	74	14
75	76	2
75	78	19
75	80	5
75	81	1
75	83	15
75	84	4
75	85	6
75	91	17
75	95	15
75	97	8
75	107	1
75	109	1
75	115	14
75	118	5
75	119	1
75	121	9
75	122	6
75	124	7
75	140	7
75	141	14
75	146	20
75	151	11
75	154	19
75	155	7
75	158	12
75	166	2
75	168	8
75	173	17
75	182	15
75	183	2
75	185	3
75	186	4
75	191	1
75	193	20
75	195	16
75	197	8
76	1	3
76	5	13
76	8	1
76	14	4
76	20	9
76	23	17
76	24	4
76	25	8
76	26	3
76	30	3
76	31	8
76	33	6
76	34	3
76	40	8
76	42	14
76	51	12
76	58	11
76	61	12
76	62	10
76	67	8
76	68	10
76	69	15
76	73	1
76	75	1
76	77	6
76	78	15
76	81	5
76	85	10
76	88	19
76	89	16
76	94	1
76	98	1
76	99	7
76	103	16
76	110	11
76	111	11
76	112	2
76	123	2
76	124	2
76	130	12
76	131	8
76	133	11
76	134	16
76	138	1
76	143	19
76	146	11
76	148	1
76	160	14
76	162	3
76	168	19
76	176	19
76	177	14
76	182	20
76	184	13
76	191	5
76	198	8
77	4	18
77	9	6
77	15	13
77	26	15
77	28	13
77	44	5
77	50	11
77	53	4
77	56	10
77	58	19
77	61	15
77	62	11
77	67	19
77	73	8
77	76	6
77	78	28
77	83	2
77	85	1
77	91	2
77	95	8
77	105	16
77	107	12
77	118	11
77	119	2
77	124	19
77	134	12
77	135	17
77	140	14
77	143	7
77	153	19
77	154	5
77	159	5
77	160	12
77	165	8
77	167	12
77	168	3
77	176	18
77	182	1
77	183	7
77	188	20
77	189	3
77	195	12
78	1	8
78	9	3
78	16	15
78	22	6
78	25	15
78	26	7
78	28	16
78	29	10
78	33	2
78	34	8
78	35	3
78	36	7
78	38	3
78	39	5
78	44	1
78	45	10
78	48	19
78	52	2
78	58	5
78	70	16
78	71	2
78	74	17
78	77	20
78	79	8
78	82	3
78	93	13
78	95	10
78	101	2
78	112	4
78	115	7
78	117	4
78	122	12
78	123	17
78	132	2
78	136	3
78	140	17
78	146	19
78	147	16
78	148	18
78	150	4
78	153	17
78	154	3
78	160	8
78	166	13
78	168	6
78	169	6
78	170	19
78	175	19
78	177	16
78	186	10
78	188	20
78	191	12
78	192	9
78	193	6
78	197	5
78	198	18
79	7	19
79	11	16
79	12	17
79	15	18
79	16	16
79	17	11
79	19	11
79	21	17
79	23	3
79	25	14
79	33	7
79	36	9
79	39	17
79	49	17
79	58	15
79	59	12
79	65	8
79	69	11
79	73	9
79	77	14
79	78	8
79	80	1
79	81	20
79	82	3
79	89	2
79	90	11
79	91	11
79	94	18
79	95	9
79	100	2
79	103	9
79	107	4
79	115	7
79	123	14
79	125	7
79	126	1
79	131	6
79	132	7
79	139	17
79	140	19
79	149	12
79	158	19
79	162	7
79	166	5
79	171	18
79	179	8
79	184	17
79	187	16
79	198	13
79	199	18
80	2	13
80	3	2
80	6	3
80	12	11
80	22	10
80	24	2
80	41	18
80	45	8
80	48	20
80	49	10
80	50	17
80	51	18
80	71	14
80	79	6
80	81	4
80	86	10
80	89	11
80	91	18
80	101	18
80	102	10
80	107	6
80	109	2
80	114	16
80	116	5
80	117	8
80	118	4
80	121	17
80	123	8
80	124	17
80	126	12
80	137	8
80	145	7
80	150	20
80	153	11
80	156	19
80	160	1
80	161	7
80	199	10
81	2	2
81	8	3
81	12	14
81	18	19
81	24	10
81	26	7
81	34	4
81	37	8
81	42	17
81	43	16
81	47	10
81	48	17
81	49	8
81	52	17
81	59	11
81	73	18
81	76	16
81	77	8
81	79	19
81	80	22
81	82	32
81	84	14
81	89	10
81	91	12
81	92	4
81	103	20
81	112	9
81	116	8
81	126	19
81	129	15
81	132	6
81	135	17
81	136	4
81	137	1
81	138	4
81	143	3
81	147	20
81	160	3
81	164	13
81	168	10
81	169	16
81	174	14
81	175	15
81	176	2
81	180	11
81	182	16
81	183	10
81	185	2
81	186	20
81	187	14
81	189	2
81	190	9
81	192	9
81	194	19
81	198	19
81	200	8
82	1	13
82	6	7
82	9	6
82	13	19
82	18	2
82	19	12
82	21	10
82	23	3
82	24	16
82	29	15
82	30	8
82	39	13
82	44	3
82	62	6
82	63	2
82	74	20
82	81	10
82	83	13
82	87	16
82	92	9
82	94	20
82	102	19
82	117	8
82	122	7
82	125	13
82	136	16
82	141	12
82	142	3
82	150	5
82	160	3
82	163	19
82	165	19
82	171	3
82	174	17
82	176	7
82	185	18
82	194	17
83	2	8
83	12	8
83	16	9
83	18	4
83	21	13
83	25	12
83	26	18
83	27	15
83	29	7
83	32	11
83	39	5
83	43	6
83	44	7
83	45	19
83	47	20
83	57	15
83	60	17
83	62	19
83	69	13
83	71	9
83	82	11
83	84	9
83	86	5
83	89	10
83	93	8
83	95	9
83	96	2
83	101	3
83	102	7
83	107	14
83	108	4
83	110	14
83	114	20
83	116	13
83	120	16
83	121	5
83	124	2
83	127	2
83	128	19
83	131	7
83	133	10
83	134	18
83	136	11
83	140	7
83	165	20
83	167	13
83	172	10
83	174	20
83	186	3
83	192	14
83	196	8
83	197	19
83	198	10
83	200	15
84	6	4
84	12	13
84	13	7
84	16	11
84	23	13
84	26	9
84	28	10
84	29	15
84	35	1
84	39	20
84	41	7
84	44	9
84	47	18
84	49	10
84	52	7
84	53	12
84	56	19
84	60	17
84	64	2
84	70	2
84	75	4
84	80	9
84	82	15
84	83	6
84	85	18
84	87	3
84	89	2
84	90	13
84	93	2
84	95	18
84	106	2
84	113	16
84	118	6
84	121	17
84	132	5
84	135	2
84	139	16
84	145	2
84	148	4
84	158	5
84	159	6
84	168	15
84	172	13
84	180	1
84	182	3
84	183	13
84	186	7
84	194	8
84	195	13
84	198	19
84	199	5
85	6	9
85	9	11
85	11	18
85	22	11
85	23	11
85	25	17
85	27	20
85	28	10
85	32	11
85	34	5
85	37	18
85	47	15
85	48	2
85	55	19
85	58	11
85	59	3
85	63	20
85	71	8
85	74	10
85	76	15
85	79	3
85	81	19
85	84	2
85	86	12
85	87	4
85	91	5
85	97	18
85	98	9
85	101	1
85	103	9
85	106	18
85	108	18
85	112	13
85	113	14
85	115	20
85	120	12
85	123	16
85	125	17
85	130	16
85	135	7
85	136	15
85	137	14
85	143	12
85	144	19
85	149	11
85	151	3
85	155	5
85	156	9
85	157	18
85	161	6
85	163	9
85	164	18
85	165	6
85	166	15
85	173	12
85	176	7
85	185	4
85	194	10
85	195	11
85	196	6
85	197	4
85	198	1
86	5	16
86	6	1
86	15	3
86	16	9
86	19	20
86	23	6
86	28	5
86	31	2
86	33	20
86	38	9
86	40	16
86	41	2
86	42	6
86	43	6
86	45	11
86	50	20
86	51	3
86	57	8
86	62	9
86	63	3
86	64	9
86	72	4
86	78	19
86	79	13
86	83	2
86	84	12
86	85	15
86	87	32
86	93	5
86	94	20
86	95	2
86	96	15
86	109	14
86	113	20
86	117	18
86	118	11
86	119	14
86	120	13
86	124	11
86	127	14
86	130	8
86	140	10
86	141	16
86	144	12
86	146	20
86	148	10
86	149	10
86	161	9
86	165	2
86	167	16
86	170	20
86	174	8
86	175	15
86	177	4
86	185	1
86	188	17
86	192	10
86	194	20
86	196	5
86	198	17
87	4	3
87	16	5
87	18	13
87	23	15
87	34	15
87	40	15
87	41	14
87	47	7
87	49	18
87	50	17
87	54	8
87	57	7
87	62	20
87	63	8
87	64	11
87	65	19
87	68	17
87	73	4
87	75	2
87	78	2
87	79	14
87	86	17
87	88	17
87	89	2
87	91	10
87	97	13
87	99	13
87	103	4
87	104	14
87	106	5
87	109	14
87	110	11
87	125	13
87	126	6
87	128	14
87	129	5
87	132	8
87	137	19
87	143	12
87	145	4
87	153	4
87	168	10
87	180	19
87	182	15
87	183	10
87	184	4
87	187	4
87	197	11
87	198	14
87	199	8
88	2	3
88	6	11
88	9	1
88	20	14
88	25	4
88	26	2
88	28	6
88	29	18
88	46	6
88	50	14
88	51	2
88	52	17
88	53	12
88	54	2
88	56	7
88	72	8
88	73	17
88	74	15
88	75	13
88	79	4
88	81	20
88	87	14
88	89	4
88	96	14
88	101	10
88	103	7
88	114	15
88	125	13
88	135	4
88	137	7
88	142	5
88	143	15
88	148	18
88	153	2
88	154	14
88	156	4
88	167	4
88	171	15
88	175	4
88	176	2
88	182	20
88	185	7
88	186	6
88	188	3
88	189	11
88	190	20
88	191	12
88	194	11
88	200	15
89	1	14
89	3	7
89	24	14
89	26	18
89	29	11
89	31	2
89	42	20
89	54	16
89	59	18
89	62	11
89	70	1
89	73	4
89	74	19
89	83	16
89	86	3
89	88	18
89	90	20
89	91	4
89	92	20
89	95	11
89	98	4
89	99	10
89	101	7
89	106	15
89	107	1
89	108	3
89	113	17
89	116	11
89	121	17
89	124	4
89	130	17
89	135	20
89	136	6
89	142	10
89	154	3
89	156	17
89	161	15
89	165	11
89	166	17
89	168	15
89	170	20
89	171	9
89	172	17
89	174	6
89	176	18
89	181	18
89	183	18
89	184	4
89	187	17
89	193	4
89	194	2
90	1	6
90	2	12
90	11	8
90	14	10
90	17	13
90	40	5
90	41	17
90	42	16
90	43	3
90	45	8
90	48	11
90	54	9
90	58	8
90	66	16
90	67	5
90	69	2
90	72	5
90	76	8
90	77	16
90	79	9
90	81	18
90	85	20
90	87	8
90	89	4
90	91	8
90	96	3
90	101	6
90	105	19
90	107	17
90	110	3
90	119	2
90	132	4
90	134	20
90	137	1
90	139	3
90	145	9
90	147	20
90	151	10
90	156	7
90	160	6
90	168	2
90	181	5
90	185	9
90	189	8
90	197	3
91	2	1
91	8	10
91	12	19
91	13	5
91	18	3
91	23	2
91	27	12
91	30	7
91	39	7
91	46	18
91	56	5
91	58	5
91	64	17
91	67	6
91	69	9
91	72	18
91	80	8
91	81	3
91	84	7
91	85	10
91	88	20
91	89	18
91	90	7
91	92	7
91	99	12
91	107	7
91	111	18
91	112	10
91	113	18
91	115	6
91	126	16
91	127	1
91	131	10
91	144	10
91	146	17
91	147	11
91	150	15
91	153	8
91	155	8
91	156	7
91	157	8
91	158	11
91	162	12
91	164	6
91	171	5
91	175	10
91	177	2
91	181	18
91	182	17
91	183	11
91	185	11
91	187	12
91	188	17
91	195	13
91	196	3
91	197	6
91	199	1
92	2	13
92	7	3
92	10	9
92	11	19
92	16	4
92	17	13
92	18	18
92	19	19
92	25	14
92	34	12
92	42	12
92	47	14
92	57	17
92	69	4
92	70	2
92	76	15
92	79	10
92	88	12
92	91	11
92	93	11
92	94	12
92	99	2
92	102	10
92	110	20
92	111	12
92	112	9
92	119	8
92	120	6
92	128	13
92	131	18
92	132	3
92	136	13
92	144	12
92	148	12
92	150	14
92	151	1
92	154	2
92	157	2
92	159	1
92	162	5
92	163	9
92	166	16
92	168	10
92	169	2
92	175	10
92	182	1
92	187	12
92	188	5
92	190	19
92	195	10
92	199	10
92	200	8
93	5	20
93	9	1
93	10	11
93	14	7
93	22	11
93	24	16
93	32	18
93	37	14
93	38	16
93	39	20
93	42	5
93	45	1
93	46	20
93	60	8
93	68	19
93	72	3
93	78	7
93	84	16
93	85	18
93	87	7
93	89	14
93	90	1
93	92	1
93	94	3
93	101	10
93	104	16
93	105	4
93	110	17
93	116	16
93	118	18
93	119	10
93	122	10
93	129	7
93	137	14
93	142	15
93	144	8
93	155	19
93	164	14
93	175	2
93	182	14
93	183	17
93	184	2
93	186	18
93	191	12
94	3	9
94	9	14
94	10	11
94	12	12
94	13	12
94	22	10
94	25	18
94	35	13
94	40	9
94	41	5
94	46	4
94	48	7
94	52	13
94	58	4
94	63	17
94	66	12
94	67	5
94	68	11
94	78	2
94	79	18
94	89	18
94	93	6
94	95	12
94	96	15
94	97	2
94	103	4
94	107	12
94	109	6
94	110	7
94	112	2
94	125	19
94	127	13
94	137	18
94	140	13
94	143	14
94	152	1
94	153	7
94	154	5
94	157	16
94	165	16
94	170	13
94	175	11
94	178	13
94	187	8
94	190	11
94	191	3
95	5	6
95	6	4
95	17	4
95	18	13
95	23	3
95	24	7
95	26	2
95	31	2
95	32	15
95	33	8
95	38	3
95	40	12
95	47	10
95	51	20
95	59	19
95	61	9
95	66	3
95	71	5
95	75	10
95	79	14
95	81	6
95	88	19
95	89	10
95	94	12
95	96	10
95	97	5
95	101	4
95	103	20
95	107	3
95	111	5
95	115	1
95	117	20
95	119	4
95	126	16
95	127	4
95	132	18
95	144	3
95	155	8
95	159	8
95	162	9
95	163	10
95	170	7
95	171	8
95	172	20
95	174	15
95	177	17
95	180	7
95	185	17
95	186	8
95	188	3
95	196	5
95	200	17
96	10	5
96	12	17
96	14	7
96	17	13
96	37	19
96	39	11
96	44	11
96	49	10
96	55	5
96	63	1
96	64	15
96	65	6
96	75	4
96	78	20
96	80	14
96	84	1
96	87	17
96	89	2
96	90	4
96	91	18
96	94	6
96	95	10
96	97	5
96	108	15
96	110	1
96	118	9
96	120	17
96	132	15
96	139	14
96	152	1
96	158	3
96	165	6
96	169	18
96	170	4
96	171	7
96	177	15
96	178	14
96	183	10
96	186	18
96	192	7
97	2	16
97	5	18
97	16	2
97	27	8
97	30	1
97	37	4
97	39	11
97	43	7
97	54	11
97	61	9
97	64	19
97	68	15
97	73	16
97	75	20
97	76	12
97	77	18
97	86	12
97	88	3
97	91	15
97	92	4
97	94	14
97	96	13
97	98	5
97	99	10
97	108	2
97	110	1
97	117	19
97	118	3
97	119	10
97	121	4
97	123	9
97	125	2
97	130	5
97	137	12
97	138	19
97	142	4
97	149	17
97	150	15
97	152	2
97	154	12
97	155	17
97	157	2
97	158	17
97	160	9
97	163	8
97	166	7
97	171	4
97	180	13
97	181	13
97	184	10
97	188	6
97	198	7
98	3	1
98	5	15
98	7	20
98	12	17
98	20	12
98	21	9
98	22	1
98	23	7
98	36	16
98	38	15
98	39	16
98	43	2
98	44	8
98	45	12
98	47	15
98	48	7
98	52	2
98	53	12
98	63	18
98	74	15
98	86	19
98	89	1
98	94	1
98	97	10
98	99	10
98	102	6
98	104	18
98	105	20
98	107	6
98	112	19
98	113	6
98	116	9
98	118	8
98	121	20
98	123	7
98	131	8
98	132	12
98	141	17
98	144	11
98	165	8
98	175	16
98	182	3
98	184	12
98	191	7
98	192	8
98	193	10
98	200	15
99	1	5
99	3	6
99	7	16
99	9	13
99	11	9
99	14	14
99	22	20
99	24	2
99	30	9
99	31	17
99	37	13
99	48	8
99	49	3
99	51	1
99	55	17
99	56	6
99	59	1
99	60	15
99	69	13
99	72	1
99	75	13
99	76	7
99	79	10
99	81	18
99	85	15
99	89	15
99	95	1
99	98	11
99	100	10
99	101	3
99	105	20
99	106	6
99	110	14
99	113	2
99	115	1
99	116	15
99	117	16
99	128	13
99	135	5
99	139	6
99	141	5
99	143	1
99	144	6
99	155	14
99	156	16
99	157	6
99	161	18
99	163	15
99	164	4
99	168	18
99	169	11
99	171	20
99	174	12
99	175	9
99	189	20
99	190	5
100	3	4
100	4	14
100	7	9
100	16	13
100	18	6
100	19	6
100	24	1
100	25	6
100	26	8
100	28	20
100	32	6
100	35	2
100	40	19
100	41	9
100	48	1
100	50	3
100	53	19
100	54	11
100	59	7
100	60	11
100	62	13
100	63	1
100	64	20
100	78	13
100	79	9
100	82	11
100	83	17
100	99	1
100	101	7
100	105	5
100	106	19
100	110	2
100	111	19
100	112	6
100	113	7
100	115	15
100	116	13
100	124	20
100	125	15
100	129	15
100	143	9
100	145	20
100	148	6
100	149	14
100	151	16
100	159	19
100	160	18
100	163	20
100	164	17
100	165	13
100	171	13
100	178	20
100	184	19
100	196	1
100	198	15
101	2	15
101	3	17
101	8	5
101	10	17
101	14	16
101	19	15
101	21	4
101	26	13
101	32	5
101	33	14
101	38	13
101	40	18
101	49	4
101	50	4
101	57	7
101	61	16
101	62	16
101	65	16
101	69	8
101	70	18
101	75	8
101	81	3
101	82	7
101	83	18
101	87	3
101	88	10
101	96	3
101	100	16
101	102	19
101	109	2
101	113	9
101	114	2
101	119	13
101	121	3
101	125	3
101	126	6
101	132	15
101	143	1
101	144	9
101	149	17
101	152	14
101	155	10
101	162	5
101	165	14
101	168	8
101	173	8
101	174	2
101	175	17
101	177	18
101	179	9
101	183	4
101	184	3
101	190	4
101	192	9
101	193	5
101	199	3
101	200	18
102	4	5
102	8	10
102	13	1
102	14	9
102	16	18
102	18	15
102	22	17
102	34	18
102	36	2
102	48	19
102	53	9
102	69	2
102	73	8
102	76	16
102	79	3
102	84	8
102	94	15
102	96	5
102	97	15
102	101	6
102	103	15
102	108	3
102	110	11
102	112	5
102	115	15
102	116	18
102	119	1
102	124	8
102	126	19
102	128	2
102	132	8
102	134	15
102	142	13
102	145	6
102	146	12
102	150	17
102	152	11
102	153	13
102	156	10
102	159	10
102	161	16
102	163	2
102	174	5
102	179	20
102	182	5
102	183	16
102	186	20
102	191	1
102	192	2
102	198	10
102	200	7
103	4	8
103	18	2
103	21	4
103	24	3
103	26	20
103	44	12
103	46	3
103	49	15
103	56	6
103	59	1
103	60	13
103	63	6
103	77	17
103	82	5
103	90	17
103	102	32
103	104	2
103	110	9
103	112	17
103	114	10
103	118	12
103	120	6
103	121	15
103	124	12
103	129	7
103	132	13
103	137	19
103	139	7
103	157	18
103	162	11
103	165	5
103	170	7
103	174	13
103	176	4
103	180	1
103	181	16
103	186	19
103	188	3
103	189	1
103	190	6
103	195	15
103	199	5
104	4	7
104	9	10
104	12	6
104	14	12
104	22	11
104	27	13
104	31	7
104	38	2
104	43	16
104	44	4
104	46	13
104	48	13
104	51	1
104	54	10
104	60	10
104	74	11
104	77	6
104	81	9
104	87	12
104	91	15
104	92	1
104	93	15
104	97	17
104	101	5
104	103	17
104	105	40
104	109	4
104	113	3
104	115	16
104	116	15
104	120	5
104	126	14
104	128	19
104	136	12
104	139	19
104	141	15
104	146	16
104	151	3
104	152	11
104	156	5
104	158	14
104	167	7
104	169	18
104	170	16
104	173	14
104	175	12
104	181	20
104	183	12
104	193	17
104	195	19
104	197	12
105	5	8
105	10	1
105	14	13
105	16	20
105	18	16
105	19	7
105	20	10
105	21	14
105	22	2
105	25	3
105	26	18
105	27	10
105	30	6
105	32	1
105	34	6
105	37	15
105	54	14
105	60	10
105	61	5
105	63	9
105	70	3
105	73	14
105	78	12
105	87	1
105	95	4
105	97	5
105	100	11
105	104	6
105	106	4
105	107	15
105	118	1
105	132	7
105	133	3
105	139	8
105	142	14
105	156	20
105	159	3
105	164	2
105	167	8
105	168	2
105	169	15
105	173	16
105	176	19
105	181	2
105	183	1
105	185	6
105	187	12
105	192	7
105	196	3
105	199	1
106	4	2
106	5	5
106	6	16
106	8	2
106	15	3
106	22	9
106	36	20
106	39	15
106	43	13
106	44	10
106	47	5
106	53	1
106	54	20
106	57	7
106	64	19
106	73	6
106	78	6
106	79	14
106	84	20
106	85	9
106	86	5
106	92	2
106	94	15
106	101	9
106	103	20
106	105	20
106	107	18
106	108	8
106	110	3
106	121	10
106	125	6
106	126	5
106	127	2
106	134	8
106	140	20
106	145	6
106	153	19
106	174	4
106	183	8
106	185	19
106	187	9
106	190	13
106	191	16
106	194	12
107	3	19
107	15	16
107	18	2
107	29	11
107	36	15
107	38	4
107	49	4
107	57	1
107	61	7
107	63	4
107	66	1
107	80	8
107	83	16
107	84	12
107	88	8
107	89	10
107	91	18
107	95	15
107	97	5
107	99	7
107	101	15
107	106	1
107	108	15
107	114	12
107	125	18
107	127	13
107	131	19
107	132	17
107	137	3
107	138	2
107	141	5
107	142	10
107	143	16
107	144	7
107	147	2
107	159	5
107	160	11
107	162	11
107	163	13
107	164	13
107	167	20
107	176	17
107	180	20
107	181	20
107	183	15
107	185	4
107	186	15
107	189	3
107	193	6
107	197	15
108	3	4
108	8	17
108	11	8
108	19	1
108	22	20
108	25	3
108	36	18
108	45	20
108	55	9
108	57	11
108	61	20
108	67	7
108	82	7
108	83	12
108	90	6
108	91	12
108	92	11
108	94	9
108	97	4
108	101	1
108	105	9
108	106	8
108	107	26
108	109	4
108	114	16
108	117	9
108	118	18
108	119	4
108	123	9
108	128	10
108	132	7
108	136	13
108	140	8
108	143	3
108	155	9
108	156	18
108	165	5
108	166	8
108	169	3
108	182	4
108	185	5
108	194	14
108	195	11
108	197	2
108	200	11
109	3	16
109	4	14
109	8	18
109	11	17
109	12	19
109	25	20
109	27	10
109	30	3
109	43	11
109	44	6
109	48	17
109	49	11
109	53	8
109	55	20
109	61	18
109	65	10
109	66	6
109	75	12
109	77	6
109	78	2
109	81	9
109	82	16
109	91	19
109	100	2
109	106	16
109	108	12
109	110	13
109	121	14
109	126	6
109	127	17
109	128	10
109	131	16
109	132	19
109	133	17
109	135	15
109	142	18
109	144	4
109	147	1
109	148	19
109	156	9
109	159	14
109	161	16
109	163	18
109	168	17
109	170	11
109	174	19
109	175	2
109	181	20
109	188	12
109	193	16
109	195	2
109	196	3
109	199	12
110	1	6
110	6	2
110	7	8
110	11	17
110	16	6
110	22	18
110	26	10
110	30	11
110	35	2
110	36	5
110	41	11
110	44	9
110	52	11
110	53	10
110	55	2
110	58	11
110	68	2
110	73	20
110	75	3
110	81	1
110	84	8
110	86	19
110	89	9
110	95	8
110	96	6
110	99	20
110	101	3
110	106	14
110	109	15
110	111	9
110	120	1
110	123	8
110	125	11
110	129	5
110	133	15
110	136	7
110	144	8
110	147	17
110	162	6
110	173	12
110	175	10
110	176	16
110	179	13
110	180	15
110	181	12
110	182	7
110	185	9
110	186	5
110	189	9
110	192	8
110	194	20
110	195	16
110	200	7
111	5	10
111	7	1
111	13	7
111	18	7
111	22	20
111	28	14
111	29	12
111	31	3
111	33	19
111	43	7
111	46	3
111	50	7
111	51	2
111	56	5
111	59	17
111	67	20
111	70	15
111	87	12
111	89	19
111	91	19
111	93	7
111	97	7
111	101	16
111	104	2
111	107	8
111	108	16
111	110	19
111	112	14
111	115	13
111	117	20
111	120	4
111	121	3
111	125	9
111	128	15
111	130	10
111	142	14
111	148	17
111	154	19
111	155	12
111	158	12
111	165	6
111	173	12
111	177	4
111	178	11
111	179	6
111	181	12
111	182	4
111	192	12
111	198	13
112	1	4
112	4	1
112	7	2
112	16	9
112	23	16
112	29	4
112	33	5
112	35	4
112	39	10
112	42	15
112	43	19
112	51	14
112	54	18
112	57	14
112	58	16
112	61	18
112	64	17
112	67	7
112	69	10
112	70	15
112	72	20
112	74	3
112	77	18
112	78	4
112	82	14
112	84	19
112	85	12
112	86	6
112	88	10
112	89	9
112	92	7
112	93	8
112	101	7
112	104	13
112	108	18
112	111	18
112	113	4
112	118	9
112	123	13
112	126	16
112	127	17
112	135	9
112	139	16
112	143	6
112	145	11
112	148	15
112	156	20
112	161	8
112	165	18
112	168	8
112	172	12
112	174	7
112	175	10
112	179	1
112	190	7
112	193	17
112	194	19
112	196	12
112	198	16
112	200	17
113	1	18
113	2	19
113	8	1
113	20	11
113	25	8
113	27	7
113	36	16
113	54	3
113	58	17
113	64	12
113	65	18
113	66	6
113	67	4
113	68	8
113	69	13
113	71	7
113	73	18
113	80	16
113	82	16
113	86	18
113	87	3
113	88	3
113	94	17
113	95	10
113	96	9
113	99	15
113	101	3
113	104	18
113	108	7
113	109	1
113	112	4
113	114	14
113	115	14
113	116	2
113	122	19
113	127	7
113	134	3
113	138	14
113	139	11
113	150	16
113	156	11
113	157	1
113	162	10
113	169	9
113	177	17
113	196	16
113	197	13
114	6	9
114	8	8
114	19	18
114	21	13
114	23	18
114	25	19
114	27	13
114	31	10
114	32	6
114	34	16
114	37	16
114	39	14
114	40	15
114	46	12
114	48	15
114	49	15
114	50	17
114	55	4
114	61	10
114	62	15
114	65	7
114	66	9
114	68	10
114	69	10
114	70	16
114	73	2
114	79	8
114	84	7
114	87	9
114	92	6
114	103	11
114	104	7
114	107	8
114	108	12
114	112	19
114	113	6
114	115	12
114	127	10
114	136	4
114	138	19
114	143	3
114	153	9
114	159	2
114	165	4
114	166	4
114	167	14
114	171	5
114	190	20
114	191	10
114	197	16
114	200	13
115	8	1
115	9	11
115	34	10
115	35	12
115	37	13
115	45	7
115	55	6
115	57	4
115	62	5
115	65	19
115	84	13
115	86	14
115	90	12
115	91	8
115	92	17
115	94	3
115	100	12
115	103	1
115	107	7
115	108	9
115	109	6
115	112	4
115	114	16
115	116	6
115	118	16
115	120	4
115	123	19
115	125	6
115	128	20
115	129	15
115	131	9
115	137	3
115	139	10
115	141	4
115	152	10
115	156	20
115	164	14
115	166	6
115	177	8
115	179	16
115	184	18
115	186	16
115	187	8
115	189	10
115	193	5
115	194	5
115	200	2
116	2	13
116	5	11
116	14	8
116	17	15
116	24	20
116	26	3
116	28	13
116	31	13
116	34	8
116	38	1
116	41	18
116	42	4
116	48	14
116	54	20
116	56	11
116	57	4
116	58	15
116	61	14
116	69	4
116	73	9
116	74	18
116	79	16
116	81	12
116	83	8
116	85	9
116	86	15
116	87	4
116	88	5
116	100	2
116	105	4
116	109	8
116	110	3
116	115	2
116	117	11
116	124	1
116	128	15
116	129	9
116	138	6
116	139	2
116	140	3
116	150	15
116	156	13
116	163	14
116	176	11
116	179	6
116	180	10
116	190	9
116	191	14
116	200	18
117	3	5
117	8	18
117	12	12
117	19	14
117	22	15
117	24	19
117	33	6
117	34	16
117	36	13
117	44	6
117	48	2
117	53	17
117	54	6
117	55	9
117	56	9
117	60	19
117	66	20
117	68	12
117	69	5
117	80	19
117	82	6
117	84	19
117	94	3
117	99	14
117	101	1
117	107	5
117	111	19
117	112	18
117	116	14
117	118	7
117	119	10
117	130	14
117	135	1
117	136	19
117	145	12
117	147	8
117	148	10
117	149	19
117	150	9
117	151	2
117	155	5
117	160	18
117	161	14
117	176	18
117	178	8
117	184	18
117	188	9
117	196	19
117	197	8
117	198	13
118	4	4
118	6	17
118	9	13
118	12	9
118	15	6
118	17	18
118	27	13
118	28	20
118	34	16
118	36	11
118	41	5
118	42	10
118	45	20
118	50	6
118	55	16
118	56	10
118	61	14
118	62	8
118	72	18
118	73	9
118	82	11
118	83	10
118	84	9
118	85	12
118	86	8
118	92	20
118	93	7
118	97	1
118	117	13
118	119	19
118	120	14
118	122	20
118	124	16
118	125	10
118	128	16
118	136	6
118	141	7
118	142	2
118	154	7
118	155	20
118	158	7
118	160	15
118	161	17
118	162	8
118	164	3
118	167	1
118	168	5
118	179	6
118	180	19
118	181	1
118	184	20
118	194	14
118	196	7
119	8	16
119	9	15
119	13	6
119	18	2
119	20	4
119	27	9
119	38	12
119	39	20
119	46	1
119	51	17
119	55	5
119	56	8
119	60	4
119	65	3
119	66	12
119	67	10
119	70	3
119	72	9
119	73	18
119	78	14
119	81	16
119	83	15
119	88	17
119	89	10
119	92	11
119	98	17
119	103	13
119	112	3
119	114	9
119	115	14
119	117	6
119	118	32
119	120	4
119	125	1
119	126	12
119	128	10
119	129	14
119	133	15
119	140	9
119	141	15
119	146	4
119	153	14
119	156	13
119	157	14
119	166	20
119	170	9
119	174	12
119	178	4
119	182	16
119	185	9
119	186	11
119	189	18
119	190	16
119	194	12
119	196	5
119	197	13
119	199	13
120	1	17
120	3	8
120	16	2
120	25	17
120	27	1
120	28	1
120	29	11
120	30	3
120	41	1
120	50	11
120	54	17
120	56	13
120	58	1
120	61	13
120	63	13
120	69	16
120	73	6
120	74	13
120	75	12
120	76	20
120	78	12
120	79	6
120	80	20
120	83	20
120	92	15
120	95	17
120	96	12
120	97	19
120	98	5
120	110	3
120	113	10
120	114	11
120	116	7
120	119	15
120	121	17
120	131	2
120	137	16
120	140	19
120	143	14
120	145	20
120	149	12
120	150	10
120	153	6
120	155	16
120	157	14
120	162	8
120	173	2
120	175	16
120	176	4
120	184	17
120	186	18
120	190	8
120	199	14
121	1	10
121	5	15
121	7	14
121	23	16
121	24	4
121	28	5
121	37	3
121	46	7
121	49	3
121	50	18
121	61	2
121	67	13
121	69	5
121	82	18
121	87	1
121	92	6
121	97	17
121	106	14
121	107	10
121	109	1
121	115	8
121	116	14
121	119	10
121	120	15
121	122	16
121	130	10
121	132	19
121	134	15
121	142	9
121	143	13
121	144	14
121	145	7
121	147	13
121	148	4
121	150	9
121	151	5
121	152	2
121	154	2
121	156	4
121	158	2
121	159	8
121	161	13
121	167	12
121	178	14
121	180	12
121	186	5
121	187	3
121	193	11
122	5	16
122	6	1
122	21	8
122	28	4
122	32	3
122	33	4
122	34	14
122	38	7
122	42	20
122	47	10
122	48	11
122	50	9
122	52	20
122	55	9
122	56	4
122	58	14
122	62	11
122	64	1
122	69	5
122	70	11
122	84	16
122	89	1
122	90	2
122	95	6
122	97	9
122	98	8
122	114	14
122	118	18
122	120	19
122	121	3
122	123	14
122	126	14
122	127	13
122	129	16
122	133	3
122	140	8
122	141	3
122	144	2
122	146	6
122	154	17
122	157	5
122	158	11
122	159	10
122	178	10
122	181	16
122	190	11
122	192	3
122	193	6
122	198	2
123	3	6
123	5	6
123	13	8
123	21	4
123	28	18
123	30	9
123	37	11
123	40	12
123	41	7
123	53	18
123	56	7
123	58	8
123	60	12
123	61	6
123	65	7
123	70	10
123	76	18
123	87	13
123	89	5
123	91	18
123	97	14
123	110	5
123	117	16
123	122	9
123	124	13
123	134	10
123	138	4
123	139	4
123	149	15
123	150	3
123	151	1
123	165	13
123	169	20
123	171	7
123	172	18
123	175	18
123	183	7
123	187	5
123	194	18
123	197	10
123	198	19
123	199	20
124	7	1
124	12	18
124	15	13
124	18	4
124	19	13
124	30	7
124	37	9
124	58	20
124	65	11
124	68	17
124	73	2
124	74	11
124	75	6
124	86	13
124	87	14
124	94	19
124	95	19
124	97	1
124	102	5
124	110	9
124	113	10
124	114	13
124	123	4
124	125	8
124	127	19
124	129	17
124	132	18
124	139	9
124	141	4
124	143	16
124	145	14
124	146	13
124	148	16
124	149	11
124	151	1
124	161	18
124	163	10
124	167	14
124	175	19
124	180	6
124	181	13
124	183	17
124	189	17
125	1	7
125	10	20
125	22	3
125	23	9
125	26	6
125	27	20
125	28	9
125	33	11
125	37	18
125	39	18
125	44	2
125	45	12
125	47	12
125	48	6
125	56	2
125	61	9
125	63	18
125	68	13
125	73	17
125	75	19
125	78	20
125	95	11
125	97	11
125	100	10
125	101	3
125	103	7
125	111	2
125	120	19
125	123	16
125	124	4
125	126	14
125	128	1
125	131	5
125	142	15
125	144	12
125	145	16
125	153	18
125	156	13
125	169	8
125	172	5
125	173	7
125	174	6
125	175	4
125	177	15
125	179	19
125	184	6
125	185	6
125	192	3
126	4	11
126	6	1
126	7	11
126	9	16
126	14	20
126	15	12
126	20	12
126	24	2
126	26	5
126	33	17
126	38	5
126	42	3
126	43	12
126	44	17
126	50	11
126	53	7
126	54	5
126	57	11
126	60	17
126	65	12
126	70	7
126	72	3
126	74	10
126	77	5
126	80	5
126	82	3
126	84	11
126	85	9
126	93	20
126	95	6
126	100	16
126	102	5
126	109	17
126	113	2
126	115	15
126	124	12
126	125	2
126	127	18
126	137	13
126	138	1
126	143	16
126	145	6
126	149	10
126	154	5
126	166	15
126	174	14
126	178	1
126	188	11
126	192	5
126	193	15
127	2	2
127	11	18
127	17	16
127	27	13
127	28	3
127	29	16
127	42	8
127	43	3
127	46	1
127	47	5
127	51	14
127	52	15
127	60	9
127	63	4
127	64	9
127	67	11
127	76	3
127	78	7
127	80	4
127	89	12
127	94	1
127	95	11
127	98	7
127	100	14
127	104	19
127	105	4
127	110	13
127	111	8
127	112	18
127	115	3
127	119	20
127	120	1
127	121	11
127	126	32
127	128	36
127	132	18
127	134	17
127	140	7
127	145	17
127	162	20
127	169	10
127	170	14
127	180	5
127	190	6
127	196	3
127	199	18
128	8	4
128	18	13
128	19	18
128	27	18
128	28	8
128	36	1
128	39	16
128	40	7
128	50	13
128	53	3
128	54	6
128	57	13
128	59	10
128	61	17
128	67	17
128	72	12
128	75	6
128	76	3
128	79	5
128	80	5
128	82	18
128	85	2
128	90	4
128	96	20
128	97	5
128	98	15
128	102	2
128	106	3
128	110	13
128	111	12
128	118	6
128	123	13
128	127	19
128	129	19
128	134	5
128	135	2
128	137	11
128	140	15
128	150	9
128	152	7
128	158	6
128	160	20
128	166	4
128	167	9
128	169	15
128	170	11
128	173	5
128	175	15
128	181	18
128	184	15
128	185	11
128	186	5
128	189	13
128	196	19
129	1	18
129	3	15
129	6	15
129	8	11
129	10	5
129	21	7
129	23	9
129	36	5
129	37	17
129	38	10
129	40	1
129	53	6
129	61	7
129	62	17
129	63	1
129	64	8
129	65	13
129	69	10
129	71	14
129	77	19
129	81	16
129	84	16
129	86	6
129	87	11
129	93	14
129	94	17
129	98	18
129	103	2
129	104	2
129	105	6
129	106	4
129	108	8
129	111	13
129	113	10
129	119	15
129	124	12
129	125	5
129	128	13
129	130	2
129	136	1
129	138	15
129	142	3
129	144	20
129	148	9
129	150	3
129	151	12
129	152	1
129	156	19
129	161	12
129	163	14
129	164	19
129	171	5
129	172	8
129	179	2
129	188	17
129	194	15
129	196	9
129	198	5
130	3	13
130	24	14
130	33	9
130	37	2
130	38	5
130	45	4
130	47	15
130	49	17
130	62	6
130	70	17
130	75	17
130	77	10
130	84	5
130	88	19
130	89	12
130	97	18
130	99	8
130	111	13
130	113	13
130	117	4
130	119	4
130	126	9
130	129	16
130	131	1
130	133	5
130	140	8
130	148	6
130	152	4
130	153	6
130	158	11
130	166	7
130	170	15
130	172	17
130	173	15
130	175	13
130	177	8
130	188	3
130	189	19
130	190	12
130	195	1
130	200	17
131	2	3
131	4	14
131	5	13
131	7	3
131	12	4
131	15	17
131	16	19
131	19	16
131	24	5
131	25	10
131	27	10
131	34	12
131	45	4
131	48	7
131	50	2
131	57	7
131	63	12
131	65	20
131	67	1
131	71	6
131	72	3
131	74	17
131	75	3
131	77	4
131	80	12
131	87	16
131	90	20
131	91	6
131	93	13
131	101	1
131	109	9
131	111	13
131	115	13
131	116	6
131	117	10
131	130	20
131	132	19
131	133	18
131	141	13
131	151	20
131	161	12
131	162	7
131	164	16
131	170	12
131	172	13
131	174	13
131	177	6
131	178	5
131	179	18
131	184	16
131	187	16
131	193	15
131	195	19
131	196	7
131	197	7
131	198	15
132	2	17
132	10	19
132	18	9
132	22	4
132	29	10
132	32	15
132	38	18
132	39	18
132	42	16
132	47	4
132	49	1
132	51	18
132	56	13
132	59	11
132	61	13
132	66	7
132	70	6
132	71	4
132	74	12
132	75	13
132	82	16
132	91	17
132	95	15
132	96	4
132	98	10
132	108	6
132	109	17
132	112	1
132	113	12
132	115	3
132	118	15
132	120	11
132	122	15
132	123	8
132	127	11
132	128	4
132	131	24
132	133	4
132	134	7
132	137	14
132	138	19
132	143	12
132	148	13
132	150	8
132	151	18
132	152	4
132	153	14
132	155	2
132	157	16
132	159	14
132	167	20
132	171	9
132	176	18
132	183	17
132	188	6
132	189	11
132	190	20
132	193	2
132	195	19
132	198	14
133	6	2
133	8	7
133	12	20
133	17	6
133	26	12
133	33	6
133	36	8
133	43	19
133	47	15
133	51	15
133	52	15
133	60	2
133	64	9
133	67	5
133	68	15
133	69	1
133	70	10
133	75	16
133	79	20
133	81	13
133	89	20
133	90	11
133	93	1
133	99	1
133	101	5
133	105	17
133	107	3
133	109	15
133	110	15
133	112	20
133	113	8
133	117	3
133	118	8
133	127	7
133	130	2
133	132	16
133	134	32
133	137	7
133	142	13
133	144	12
133	149	3
133	156	2
133	162	14
133	177	18
133	182	2
133	184	13
133	188	3
133	191	12
133	193	6
133	195	17
134	9	2
134	16	5
134	18	8
134	30	16
134	31	16
134	37	13
134	39	14
134	42	1
134	45	5
134	60	20
134	61	6
134	62	10
134	66	5
134	67	7
134	68	10
134	69	16
134	70	15
134	74	18
134	76	4
134	83	3
134	85	8
134	88	20
134	89	9
134	90	9
134	91	20
134	92	13
134	94	10
134	103	14
134	104	6
134	105	12
134	109	17
134	111	10
134	115	20
134	117	18
134	123	4
134	133	8
134	135	16
134	136	16
134	148	5
134	150	8
134	151	19
134	156	7
134	159	13
134	164	6
134	166	4
134	167	3
134	172	9
134	177	13
134	185	17
134	186	13
134	187	16
134	188	5
134	189	16
134	193	9
134	194	3
134	196	20
134	200	16
135	3	13
135	10	13
135	11	10
135	12	17
135	16	7
135	17	20
135	18	5
135	23	17
135	31	5
135	37	14
135	52	11
135	54	3
135	55	16
135	63	6
135	66	5
135	72	16
135	74	4
135	77	11
135	80	16
135	81	16
135	86	20
135	88	8
135	91	8
135	92	9
135	95	16
135	98	4
135	103	3
135	105	19
135	110	2
135	114	15
135	117	13
135	120	4
135	122	5
135	132	11
135	134	12
135	136	19
135	149	3
135	154	6
135	157	3
135	160	11
135	161	8
135	175	13
135	180	10
135	199	9
136	2	18
136	4	18
136	8	19
136	21	6
136	25	7
136	26	5
136	30	1
136	33	12
136	35	4
136	37	19
136	45	7
136	47	17
136	48	11
136	49	3
136	52	6
136	53	12
136	62	15
136	68	19
136	69	4
136	71	19
136	73	1
136	74	15
136	75	1
136	76	9
136	78	9
136	79	1
136	91	17
136	97	16
136	98	6
136	103	6
136	111	18
136	114	3
136	115	14
136	118	17
136	122	11
136	123	16
136	125	13
136	126	8
136	129	8
136	130	9
136	133	13
136	135	18
136	137	4
136	138	19
136	159	11
136	166	6
136	174	18
136	176	17
136	177	13
136	179	3
136	180	19
136	181	15
136	185	3
136	186	15
136	189	19
136	190	13
136	193	2
137	3	20
137	4	17
137	6	14
137	7	2
137	12	4
137	16	6
137	17	13
137	20	9
137	25	16
137	26	6
137	30	8
137	34	3
137	36	17
137	38	10
137	40	5
137	41	2
137	49	10
137	51	4
137	56	4
137	58	1
137	65	6
137	84	1
137	85	20
137	90	3
137	96	14
137	103	9
137	106	20
137	108	2
137	110	17
137	111	18
137	117	17
137	118	14
137	124	17
137	125	16
137	126	9
137	129	16
137	134	16
137	136	8
137	138	36
137	140	13
137	155	14
137	165	11
137	167	16
137	168	18
137	169	18
137	170	19
137	173	10
137	174	15
137	175	12
137	183	20
137	193	6
137	199	10
138	2	7
138	9	13
138	12	20
138	20	11
138	24	18
138	30	8
138	40	6
138	42	11
138	45	7
138	59	4
138	61	10
138	64	20
138	65	16
138	74	9
138	78	14
138	84	14
138	90	12
138	92	17
138	93	14
138	97	13
138	98	9
138	103	5
138	106	3
138	107	1
138	108	15
138	109	13
138	112	11
138	119	14
138	123	2
138	131	6
138	137	2
138	139	3
138	146	9
138	152	13
138	156	10
138	161	12
138	163	19
138	165	14
138	169	19
138	177	10
138	179	12
138	183	8
138	184	3
138	185	20
138	187	13
138	189	15
138	194	1
138	196	17
138	200	8
139	6	16
139	9	4
139	12	7
139	13	20
139	19	19
139	20	8
139	21	10
139	25	2
139	26	10
139	27	13
139	31	3
139	34	19
139	37	13
139	38	20
139	46	9
139	51	15
139	52	5
139	57	15
139	58	3
139	66	12
139	67	3
139	68	10
139	71	1
139	72	5
139	75	15
139	85	1
139	92	8
139	94	4
139	98	20
139	102	7
139	109	18
139	122	3
139	123	6
139	128	16
139	131	8
139	133	19
139	134	3
139	135	17
139	138	40
139	140	20
139	146	3
139	147	15
139	149	6
139	150	19
139	152	14
139	159	7
139	161	7
139	163	12
139	171	4
139	174	3
139	176	9
139	180	20
139	188	4
139	192	9
139	193	5
139	196	10
140	4	9
140	7	15
140	13	17
140	17	15
140	19	8
140	21	2
140	26	14
140	35	4
140	37	14
140	39	19
140	40	14
140	44	10
140	46	19
140	49	2
140	51	3
140	52	2
140	53	11
140	57	14
140	63	4
140	64	14
140	67	5
140	69	5
140	73	6
140	81	4
140	84	13
140	86	12
140	89	13
140	98	11
140	103	5
140	105	10
140	108	11
140	112	6
140	115	6
140	120	20
140	123	18
140	125	8
140	137	8
140	139	8
140	141	1
140	152	7
140	158	15
140	162	12
140	176	10
140	177	18
140	180	11
140	185	11
140	186	5
140	187	8
140	192	5
140	194	9
140	196	14
140	199	9
140	200	18
141	1	17
141	3	17
141	10	14
141	17	1
141	19	5
141	21	8
141	24	11
141	28	10
141	32	13
141	34	10
141	37	9
141	39	16
141	40	16
141	45	19
141	47	16
141	51	15
141	57	2
141	63	13
141	65	12
141	66	15
141	70	1
141	72	16
141	73	5
141	74	3
141	79	18
141	80	9
141	82	17
141	84	17
141	88	8
141	90	19
141	92	11
141	95	3
141	97	7
141	99	12
141	103	9
141	106	19
141	107	6
141	110	14
141	114	6
141	116	13
141	119	1
141	124	7
141	128	2
141	140	4
141	142	10
141	147	6
141	148	8
141	149	16
141	150	15
141	151	14
141	158	13
141	162	13
141	168	15
141	178	19
141	180	14
141	181	2
141	185	19
141	186	7
141	189	9
141	191	14
141	194	3
141	195	16
141	196	20
141	198	10
141	200	3
142	2	20
142	3	9
142	11	11
142	13	4
142	14	10
142	16	3
142	22	2
142	38	19
142	48	20
142	57	16
142	65	2
142	72	3
142	74	9
142	75	14
142	76	8
142	79	19
142	88	12
142	91	10
142	93	8
142	94	2
142	97	11
142	103	9
142	104	6
142	105	11
142	109	11
142	112	13
142	118	11
142	122	11
142	124	5
142	127	17
142	128	18
142	137	6
142	141	9
142	143	24
142	144	11
142	150	3
142	160	20
142	162	20
142	164	14
142	165	15
142	166	2
142	169	11
142	174	10
142	175	4
142	182	13
142	185	16
142	193	18
143	12	11
143	14	16
143	21	13
143	23	17
143	33	18
143	37	10
143	38	2
143	44	14
143	45	14
143	50	5
143	55	10
143	60	6
143	61	12
143	63	4
143	64	11
143	66	12
143	69	5
143	72	8
143	75	18
143	76	15
143	77	5
143	84	13
143	87	12
143	88	18
143	94	20
143	95	18
143	99	4
143	106	11
143	110	19
143	111	13
143	116	14
143	120	19
143	121	12
143	123	14
143	126	9
143	128	9
143	130	3
143	134	6
143	136	2
143	139	8
143	142	8
143	144	17
143	152	1
143	165	17
143	168	11
143	172	13
143	179	6
143	185	13
143	189	12
143	197	7
143	199	6
144	3	12
144	7	16
144	11	3
144	14	18
144	23	12
144	33	4
144	36	18
144	40	3
144	42	6
144	45	14
144	57	18
144	59	14
144	62	5
144	65	3
144	72	17
144	78	5
144	79	4
144	86	9
144	87	11
144	90	8
144	91	15
144	94	20
144	95	9
144	96	12
144	104	7
144	113	11
144	118	14
144	120	6
144	121	5
144	123	17
144	130	3
144	134	3
144	135	6
144	137	3
144	138	5
144	141	6
144	143	8
144	145	8
144	146	17
144	147	7
144	150	17
144	154	17
144	159	13
144	161	16
144	163	9
144	171	10
144	173	3
144	175	13
144	180	9
144	184	16
144	200	8
145	1	1
145	4	2
145	10	18
145	14	2
145	19	1
145	20	8
145	28	3
145	31	18
145	37	16
145	44	12
145	47	2
145	50	14
145	52	6
145	56	12
145	57	5
145	59	7
145	60	13
145	68	5
145	70	6
145	71	20
145	73	16
145	79	2
145	94	18
145	98	15
145	100	2
145	108	11
145	109	2
145	110	7
145	111	16
145	114	7
145	117	8
145	120	2
145	122	11
145	126	9
145	131	9
145	134	20
145	138	3
145	142	12
145	144	6
145	146	6
145	149	3
145	159	5
145	160	6
145	163	19
145	165	16
145	173	15
145	174	3
145	175	2
145	176	1
145	179	13
145	186	12
145	189	6
145	194	11
145	198	20
145	199	4
145	200	17
146	1	15
146	2	16
146	4	7
146	10	17
146	11	9
146	13	20
146	14	12
146	22	10
146	26	4
146	33	14
146	35	12
146	37	16
146	39	7
146	42	18
146	48	6
146	54	16
146	61	18
146	66	4
146	74	3
146	75	9
146	78	5
146	79	19
146	84	6
146	85	20
146	87	6
146	88	16
146	89	19
146	93	1
146	96	1
146	98	2
146	100	15
146	102	10
146	103	19
146	106	14
146	109	6
146	115	13
146	120	19
146	122	6
146	141	1
146	143	14
146	145	18
146	147	7
146	149	10
146	150	15
146	151	10
146	157	10
146	159	18
146	161	9
146	164	3
146	167	17
146	169	15
146	174	3
146	183	16
146	186	12
146	189	16
146	191	17
146	195	5
146	197	8
147	3	9
147	6	20
147	12	17
147	15	15
147	16	12
147	20	5
147	30	16
147	36	8
147	37	16
147	38	4
147	40	12
147	53	6
147	56	5
147	59	10
147	74	2
147	82	20
147	86	4
147	89	5
147	91	1
147	92	4
147	93	6
147	96	8
147	98	13
147	102	11
147	106	19
147	107	19
147	117	12
147	120	12
147	121	16
147	131	9
147	137	16
147	139	3
147	140	20
147	145	16
147	146	18
147	148	2
147	150	7
147	153	15
147	158	5
147	159	3
147	161	3
147	165	5
147	171	19
147	172	16
147	173	6
147	174	7
147	178	7
147	179	15
147	184	12
147	189	13
147	191	7
147	197	4
148	12	2
148	15	8
148	18	3
148	20	10
148	22	13
148	29	5
148	31	20
148	34	11
148	47	16
148	48	6
148	54	13
148	58	4
148	59	6
148	60	16
148	68	11
148	70	12
148	71	16
148	77	4
148	81	17
148	84	14
148	88	18
148	90	5
148	93	19
148	95	17
148	100	9
148	106	17
148	109	16
148	118	18
148	120	2
148	121	20
148	122	13
148	123	20
148	125	16
148	131	13
148	132	7
148	138	11
148	139	15
148	142	14
148	145	10
148	146	2
148	147	2
148	149	16
148	151	4
148	155	2
148	170	15
148	172	7
148	173	13
148	176	19
148	186	1
148	188	11
148	192	2
148	200	20
149	3	19
149	11	6
149	17	4
149	20	8
149	21	11
149	22	5
149	24	7
149	28	9
149	29	2
149	32	2
149	37	17
149	42	6
149	45	13
149	49	6
149	55	19
149	59	3
149	61	15
149	65	1
149	68	20
149	76	19
149	78	14
149	81	5
149	98	9
149	102	11
149	104	2
149	105	6
149	106	9
149	110	14
149	112	4
149	113	20
149	115	7
149	122	3
149	123	10
149	130	20
149	135	2
149	137	7
149	144	2
149	147	13
149	148	20
149	150	18
149	151	20
149	152	1
149	153	6
149	158	4
149	160	5
149	165	8
149	168	5
149	171	1
149	173	12
149	183	6
149	186	2
149	187	17
149	195	20
149	196	3
149	197	9
149	198	15
149	200	9
150	5	10
150	7	3
150	10	17
150	11	10
150	22	8
150	29	20
150	34	1
150	46	2
150	51	14
150	52	5
150	53	10
150	59	8
150	64	14
150	85	14
150	87	3
150	88	19
150	89	18
150	97	10
150	98	13
150	107	5
150	113	7
150	114	17
150	116	10
150	117	2
150	118	11
150	128	18
150	129	9
150	137	11
150	148	3
150	149	10
150	151	19
150	154	4
150	157	1
150	159	8
150	162	18
150	169	10
150	175	18
150	178	19
150	181	4
150	183	12
150	190	7
150	194	15
150	197	1
151	2	14
151	8	17
151	11	9
151	23	7
151	29	8
151	31	12
151	33	1
151	37	11
151	43	20
151	46	2
151	49	18
151	51	2
151	56	15
151	64	11
151	68	16
151	69	5
151	75	15
151	91	18
151	96	19
151	100	15
151	102	6
151	107	10
151	113	12
151	117	14
151	118	15
151	122	6
151	125	17
151	133	2
151	135	14
151	150	8
151	152	1
151	175	14
151	179	5
151	182	4
151	183	13
151	187	5
151	189	8
151	192	9
151	198	12
152	3	11
152	8	19
152	21	12
152	26	20
152	29	13
152	32	7
152	34	1
152	38	20
152	43	14
152	46	13
152	50	15
152	55	11
152	56	19
152	59	19
152	60	4
152	62	17
152	64	15
152	75	1
152	78	3
152	83	19
152	91	3
152	95	3
152	97	8
152	98	15
152	99	4
152	102	9
152	103	12
152	112	15
152	113	20
152	119	7
152	127	9
152	134	12
152	151	20
152	153	17
152	163	17
152	164	9
152	166	18
152	170	4
152	174	10
152	191	20
153	5	8
153	20	7
153	25	16
153	26	3
153	33	8
153	35	4
153	39	15
153	42	1
153	46	4
153	48	17
153	49	7
153	54	12
153	59	2
153	60	6
153	63	14
153	68	3
153	75	8
153	77	1
153	89	12
153	91	18
153	103	13
153	111	2
153	116	1
153	118	8
153	121	5
153	129	12
153	133	1
153	136	2
153	139	20
153	144	2
153	152	6
153	154	15
153	155	4
153	158	3
153	159	16
153	167	16
153	170	10
153	173	18
153	182	2
153	187	8
153	191	5
153	194	2
153	199	17
154	2	4
154	10	20
154	12	20
154	14	3
154	15	18
154	18	11
154	19	11
154	20	14
154	24	4
154	25	7
154	30	6
154	31	12
154	32	15
154	35	15
154	42	5
154	49	6
154	58	4
154	61	3
154	63	6
154	67	7
154	72	9
154	82	16
154	83	18
154	87	12
154	88	17
154	89	20
154	96	10
154	101	11
154	108	19
154	110	1
154	116	2
154	119	12
154	120	15
154	123	6
154	125	6
154	128	17
154	130	13
154	133	5
154	136	16
154	137	1
154	146	15
154	153	8
154	155	22
154	171	5
154	172	15
154	173	17
154	175	18
154	189	18
154	191	4
154	195	5
154	196	1
154	197	12
155	4	19
155	7	11
155	9	15
155	19	1
155	25	3
155	30	14
155	36	1
155	40	2
155	45	17
155	54	16
155	55	7
155	57	12
155	60	17
155	62	10
155	67	15
155	68	11
155	74	12
155	76	11
155	79	6
155	82	2
155	88	3
155	91	10
155	94	7
155	96	19
155	102	6
155	103	4
155	104	14
155	108	13
155	110	5
155	112	7
155	117	1
155	118	14
155	123	4
155	128	5
155	129	19
155	137	17
155	138	2
155	141	15
155	143	18
155	150	3
155	153	9
155	154	22
155	156	28
155	160	20
155	167	5
155	168	15
155	172	10
155	179	14
155	188	4
155	195	8
155	196	12
155	197	12
156	4	4
156	7	8
156	8	19
156	19	19
156	25	9
156	26	3
156	32	6
156	35	17
156	43	5
156	45	10
156	52	5
156	55	15
156	57	13
156	62	4
156	64	17
156	75	7
156	91	9
156	94	7
156	96	1
156	99	5
156	102	10
156	109	12
156	110	10
156	111	8
156	115	4
156	116	10
156	119	14
156	130	19
156	133	2
156	139	18
156	141	19
156	144	1
156	153	3
156	155	26
156	157	3
156	163	12
156	167	15
156	169	7
156	181	6
156	183	10
156	190	8
156	194	4
156	195	8
156	198	14
157	5	16
157	8	14
157	9	5
157	14	17
157	16	12
157	28	18
157	29	2
157	35	13
157	36	15
157	40	6
157	43	4
157	47	17
157	48	20
157	49	1
157	58	7
157	72	3
157	86	15
157	90	8
157	97	4
157	101	5
157	113	16
157	116	20
157	118	13
157	119	20
157	132	2
157	133	14
157	137	20
157	138	12
157	139	13
157	140	14
157	143	16
157	156	1
157	158	6
157	162	20
157	163	13
157	164	19
157	168	12
157	169	18
157	171	1
157	176	8
157	183	13
157	185	9
157	189	7
157	197	4
158	6	11
158	8	20
158	11	2
158	12	5
158	13	5
158	15	19
158	19	7
158	20	6
158	26	5
158	27	12
158	34	18
158	46	6
158	48	16
158	49	12
158	55	17
158	59	10
158	60	1
158	62	5
158	65	20
158	75	10
158	77	14
158	82	3
158	83	18
158	85	17
158	89	2
158	90	2
158	93	5
158	94	4
158	106	12
158	108	19
158	119	16
158	121	5
158	126	1
158	127	16
158	129	8
158	133	8
158	139	1
158	142	5
158	147	19
158	153	13
158	157	16
158	159	18
158	160	8
158	165	8
158	172	2
158	174	11
158	175	14
158	177	18
158	189	20
158	195	7
158	199	3
159	1	12
159	2	19
159	8	7
159	12	14
159	16	1
159	17	10
159	26	7
159	29	10
159	31	11
159	32	10
159	42	2
159	45	20
159	48	7
159	49	11
159	52	9
159	54	18
159	56	10
159	58	11
159	65	9
159	71	19
159	73	19
159	77	14
159	79	19
159	82	16
159	83	5
159	85	15
159	88	4
159	94	18
159	95	19
159	100	11
159	107	4
159	108	13
159	111	20
159	120	11
159	121	20
159	124	1
159	126	9
159	132	9
159	134	5
159	147	13
159	148	14
159	149	20
159	152	19
159	156	20
159	157	20
159	158	13
159	160	8
159	162	13
159	167	4
159	169	17
159	170	10
159	172	15
159	184	3
159	185	6
159	196	10
159	200	1
160	11	2
160	25	16
160	27	9
160	32	17
160	39	17
160	45	19
160	46	10
160	60	18
160	62	11
160	64	9
160	67	13
160	76	3
160	80	8
160	86	1
160	88	6
160	91	3
160	95	4
160	96	2
160	97	14
160	98	13
160	102	6
160	107	10
160	109	11
160	111	5
160	116	19
160	117	4
160	124	17
160	134	9
160	135	8
160	144	5
160	152	17
160	159	16
160	161	20
160	162	7
160	163	7
160	167	19
160	178	11
160	179	9
160	183	16
160	185	18
160	187	6
161	3	3
161	5	5
161	6	9
161	8	16
161	15	20
161	17	13
161	20	20
161	21	6
161	28	7
161	30	9
161	53	9
161	55	9
161	58	14
161	59	5
161	65	17
161	68	19
161	70	10
161	74	2
161	78	15
161	82	13
161	93	3
161	95	9
161	99	11
161	102	11
161	105	6
161	106	17
161	107	13
161	117	8
161	120	12
161	128	1
161	137	11
161	140	6
161	141	18
161	144	13
161	150	5
161	152	7
161	159	15
161	160	8
161	162	20
161	169	7
161	172	17
161	187	4
161	194	14
161	196	18
161	197	20
161	200	10
162	9	1
162	14	1
162	23	9
162	25	15
162	27	5
162	28	11
162	34	15
162	40	13
162	46	3
162	50	16
162	53	17
162	57	2
162	61	18
162	63	9
162	66	7
162	68	11
162	69	3
162	78	8
162	79	4
162	80	19
162	81	15
162	84	13
162	98	5
162	99	13
162	103	20
162	104	9
162	107	16
162	108	13
162	109	19
162	110	12
162	111	4
162	114	4
162	115	6
162	118	13
162	121	9
162	125	18
162	134	13
162	137	14
162	143	18
162	144	14
162	145	18
162	146	3
162	149	7
162	155	16
162	161	18
162	163	4
162	166	1
162	167	17
162	176	15
162	178	17
162	180	10
162	183	15
162	185	11
162	186	12
163	3	13
163	9	7
163	11	20
163	16	5
163	17	14
163	19	20
163	21	4
163	23	18
163	26	15
163	32	12
163	33	7
163	37	17
163	40	2
163	43	11
163	45	5
163	46	10
163	53	11
163	59	12
163	71	11
163	73	3
163	74	12
163	75	18
163	81	12
163	93	18
163	94	12
163	95	11
163	96	10
163	98	15
163	102	1
163	103	13
163	105	1
163	113	16
163	115	19
163	129	19
163	130	9
163	133	3
163	141	6
163	146	18
163	151	7
163	158	5
163	161	16
163	162	19
163	164	9
163	177	2
163	178	4
163	179	14
163	181	1
163	186	3
163	189	19
163	199	17
164	11	19
164	25	10
164	28	4
164	31	3
164	32	16
164	34	17
164	37	12
164	39	12
164	41	2
164	42	10
164	43	7
164	44	2
164	53	19
164	54	5
164	58	6
164	59	12
164	60	5
164	70	2
164	74	19
164	76	2
164	77	16
164	86	2
164	93	12
164	94	3
164	96	20
164	97	14
164	105	19
164	109	15
164	119	19
164	127	19
164	128	12
164	129	12
164	130	14
164	131	20
164	135	11
164	150	15
164	151	11
164	155	4
164	161	10
164	163	10
164	165	10
164	171	8
164	173	16
164	181	19
164	189	19
164	195	1
165	3	3
165	8	3
165	9	10
165	20	20
165	25	1
165	31	10
165	34	18
165	44	14
165	47	9
165	56	3
165	64	19
165	69	18
165	71	2
165	73	9
165	76	11
165	83	15
165	86	14
165	95	8
165	96	8
165	109	13
165	112	3
165	113	12
165	119	4
165	123	9
165	126	2
165	138	1
165	140	6
165	141	18
165	153	16
165	155	19
165	164	15
165	166	20
165	170	18
165	175	12
165	181	6
165	182	5
165	186	3
165	193	6
165	198	11
166	7	5
166	8	16
166	10	7
166	16	20
166	19	12
166	20	7
166	23	4
166	32	20
166	34	11
166	41	19
166	43	15
166	46	7
166	49	17
166	50	19
166	55	20
166	58	12
166	61	13
166	66	11
166	67	4
166	68	12
166	80	6
166	84	12
166	99	17
166	100	18
166	103	2
166	109	14
166	113	15
166	114	7
166	126	2
166	127	6
166	133	16
166	136	9
166	143	3
166	144	10
166	146	10
166	149	15
166	151	17
166	156	7
166	158	15
166	160	4
166	162	20
166	163	15
166	164	12
166	165	10
166	167	9
166	168	7
166	178	17
166	179	16
166	183	15
166	189	14
166	192	16
166	193	18
166	194	20
166	199	16
167	9	6
167	11	6
167	21	14
167	27	19
167	40	13
167	42	20
167	46	1
167	48	2
167	50	17
167	53	10
167	68	19
167	69	2
167	71	13
167	74	3
167	78	18
167	86	9
167	94	6
167	96	5
167	98	11
167	105	20
167	109	5
167	112	20
167	113	11
167	114	20
167	115	6
167	129	16
167	141	6
167	146	8
167	155	11
167	158	15
167	160	20
167	166	4
167	168	9
167	171	12
167	179	19
167	180	19
167	185	6
167	188	1
167	190	3
167	191	20
167	198	14
168	4	5
168	5	15
168	8	4
168	9	19
168	12	16
168	22	14
168	40	18
168	45	17
168	50	20
168	51	5
168	57	8
168	60	12
168	68	13
168	71	5
168	76	8
168	88	15
168	92	6
168	96	13
168	99	20
168	100	16
168	105	2
168	107	13
168	110	4
168	116	7
168	117	8
168	118	10
168	119	10
168	120	14
168	121	4
168	124	4
168	130	16
168	137	1
168	138	19
168	139	9
168	158	16
168	165	4
168	167	2
168	169	20
168	197	11
169	5	13
169	8	20
169	13	15
169	18	18
169	20	8
169	29	17
169	31	4
169	38	11
169	39	16
169	47	5
169	49	5
169	54	13
169	58	9
169	68	6
169	70	7
169	75	15
169	77	2
169	80	2
169	81	17
169	83	19
169	88	15
169	103	17
169	105	17
169	107	18
169	108	20
169	116	10
169	118	4
169	120	9
169	126	1
169	130	19
169	131	18
169	132	1
169	133	10
169	134	20
169	138	16
169	145	8
169	148	18
169	151	13
169	157	15
169	164	1
169	165	14
169	168	15
169	170	38
169	196	2
169	198	20
170	11	18
170	14	12
170	22	9
170	30	3
170	38	10
170	41	20
170	46	18
170	48	9
170	50	8
170	51	20
170	53	15
170	55	16
170	59	14
170	63	1
170	73	7
170	81	2
170	92	5
170	98	7
170	100	19
170	104	13
170	107	14
170	111	9
170	118	14
170	119	8
170	120	1
170	124	14
170	127	11
170	133	4
170	134	4
170	135	6
170	139	10
170	146	10
170	154	4
170	155	14
170	156	7
170	159	15
170	161	16
170	166	18
170	169	30
170	171	4
170	173	12
170	180	19
170	182	3
170	186	12
170	188	6
170	191	2
170	199	4
171	5	20
171	6	4
171	9	13
171	11	6
171	12	13
171	13	3
171	17	15
171	21	8
171	24	7
171	26	18
171	34	10
171	53	4
171	55	7
171	57	7
171	64	12
171	66	15
171	67	4
171	70	9
171	81	13
171	86	7
171	87	8
171	94	6
171	100	6
171	107	14
171	108	8
171	111	19
171	113	4
171	121	6
171	132	3
171	134	3
171	143	13
171	145	7
171	146	19
171	155	9
171	161	10
171	167	11
171	169	15
171	170	12
171	172	14
171	182	20
171	188	12
171	193	19
171	196	8
172	4	12
172	5	3
172	7	9
172	11	5
172	12	1
172	16	12
172	17	15
172	19	8
172	22	8
172	23	17
172	26	9
172	27	15
172	31	10
172	32	16
172	35	5
172	37	13
172	38	4
172	43	10
172	47	9
172	48	7
172	54	8
172	59	14
172	60	7
172	61	15
172	65	20
172	71	10
172	74	14
172	75	3
172	77	7
172	81	17
172	86	14
172	92	4
172	102	5
172	103	9
172	104	1
172	108	8
172	109	1
172	111	20
172	114	11
172	117	4
172	121	7
172	124	10
172	125	13
172	129	8
172	130	7
172	132	19
172	135	8
172	137	1
172	141	14
172	156	20
172	160	4
172	168	7
172	171	14
172	173	12
172	175	14
172	176	13
172	181	7
172	184	3
172	187	14
172	194	6
172	198	14
172	199	12
173	4	6
173	6	15
173	9	11
173	19	18
173	21	17
173	23	6
173	25	6
173	26	15
173	27	8
173	29	1
173	30	3
173	32	17
173	37	4
173	43	1
173	44	3
173	53	4
173	56	9
173	57	13
173	74	1
173	78	19
173	83	3
173	86	6
173	88	3
173	89	2
173	90	4
173	94	14
173	106	13
173	108	8
173	122	13
173	124	7
173	127	14
173	128	13
173	137	5
173	139	4
173	142	20
173	144	11
173	145	2
173	147	17
173	153	19
173	154	3
173	155	8
173	156	20
173	163	20
173	167	3
173	172	17
173	174	38
173	175	9
173	177	8
173	180	10
173	185	4
173	186	10
173	190	13
173	193	19
173	196	15
173	200	3
174	5	19
174	8	19
174	13	1
174	15	19
174	16	15
174	19	18
174	25	16
174	29	6
174	31	18
174	37	15
174	43	3
174	46	17
174	52	14
174	54	5
174	57	9
174	59	9
174	60	16
174	61	18
174	63	11
174	66	17
174	70	5
174	81	16
174	83	11
174	84	15
174	86	17
174	92	2
174	99	18
174	103	3
174	104	18
174	108	9
174	110	7
174	120	15
174	126	8
174	134	13
174	137	1
174	146	19
174	148	20
174	150	12
174	152	15
174	154	19
174	155	20
174	169	6
174	173	6
174	175	15
174	181	2
174	183	5
174	188	3
174	194	2
174	195	3
174	197	15
175	5	12
175	12	15
175	26	20
175	27	16
175	34	4
175	36	20
175	38	9
175	39	9
175	51	19
175	58	6
175	61	20
175	63	8
175	70	1
175	71	1
175	74	13
175	78	6
175	79	14
175	86	14
175	88	4
175	95	11
175	100	8
175	109	18
175	123	12
175	137	14
175	140	7
175	142	18
175	143	19
175	151	5
175	162	12
175	166	4
175	167	11
175	171	13
175	174	13
175	176	2
175	177	3
175	179	5
175	180	14
175	181	10
175	185	15
175	190	4
175	194	19
175	195	14
175	200	15
176	4	4
176	10	6
176	13	19
176	21	1
176	22	9
176	26	17
176	29	15
176	33	6
176	34	20
176	38	10
176	46	12
176	47	19
176	51	9
176	52	7
176	53	7
176	54	6
176	57	3
176	63	16
176	74	14
176	81	9
176	90	2
176	92	3
176	94	16
176	97	9
176	98	19
176	110	2
176	111	11
176	115	11
176	118	6
176	124	17
176	129	10
176	132	13
176	133	2
176	134	14
176	138	3
176	139	11
176	145	19
176	147	19
176	155	9
176	161	13
176	165	12
176	166	1
176	167	20
176	168	15
176	169	16
176	173	4
176	175	10
176	177	9
176	183	12
176	193	13
176	197	6
176	199	13
176	200	9
177	8	19
177	9	8
177	12	6
177	16	15
177	21	3
177	25	15
177	35	11
177	38	16
177	39	8
177	45	13
177	48	15
177	54	11
177	55	19
177	57	6
177	58	9
177	68	3
177	69	9
177	70	16
177	74	13
177	77	13
177	78	16
177	80	16
177	83	12
177	91	3
177	92	16
177	102	13
177	104	13
177	107	4
177	112	12
177	113	7
177	116	16
177	124	12
177	128	16
177	131	16
177	132	16
177	134	13
177	136	17
177	141	15
177	151	2
177	161	16
177	165	7
177	166	18
177	167	9
177	176	24
177	178	7
177	182	19
177	184	7
177	186	13
177	188	18
177	197	7
177	200	6
178	2	3
178	12	14
178	15	8
178	18	14
178	19	3
178	20	1
178	23	16
178	24	4
178	26	11
178	31	3
178	32	9
178	33	14
178	43	7
178	46	16
178	55	19
178	57	12
178	60	7
178	61	13
178	64	8
178	84	16
178	88	14
178	90	9
178	95	19
178	99	3
178	101	8
178	102	8
178	114	9
178	117	20
178	122	12
178	127	5
178	129	14
178	131	3
178	142	13
178	150	9
178	151	12
178	152	10
178	153	9
178	160	2
178	164	16
178	166	6
178	169	18
178	171	12
178	177	34
178	179	7
178	183	19
178	184	16
178	189	14
178	193	10
178	194	7
178	197	16
178	200	7
179	2	17
179	4	9
179	9	3
179	12	10
179	14	11
179	19	6
179	20	2
179	21	1
179	24	9
179	25	3
179	26	12
179	31	17
179	41	17
179	47	3
179	52	16
179	56	5
179	62	12
179	65	15
179	68	18
179	69	5
179	71	16
179	73	20
179	74	18
179	77	2
179	78	5
179	86	3
179	97	5
179	102	4
179	104	16
179	105	1
179	106	3
179	108	6
179	111	16
179	113	19
179	126	18
179	129	20
179	135	20
179	149	6
179	154	6
179	155	5
179	157	4
179	161	6
179	164	7
179	167	15
179	168	19
179	170	16
179	172	4
179	173	19
179	175	3
179	178	17
179	180	10
179	183	2
179	184	10
179	190	15
179	194	3
180	2	20
180	4	1
180	9	12
180	10	4
180	18	2
180	22	13
180	28	16
180	37	12
180	39	11
180	42	16
180	45	7
180	47	17
180	54	12
180	57	2
180	59	19
180	68	12
180	71	16
180	73	11
180	75	20
180	78	10
180	79	15
180	80	5
180	84	6
180	95	7
180	99	19
180	101	3
180	110	8
180	111	17
180	115	2
180	116	20
180	122	10
180	136	4
180	137	15
180	139	10
180	147	1
180	149	9
180	154	18
180	156	1
180	162	19
180	167	4
180	179	15
180	181	20
180	191	11
180	197	8
180	198	15
181	2	1
181	9	20
181	12	17
181	15	9
181	17	3
181	18	8
181	22	9
181	32	7
181	33	17
181	35	11
181	36	19
181	37	5
181	47	7
181	50	12
181	58	14
181	62	10
181	66	12
181	70	17
181	71	3
181	74	20
181	79	3
181	90	3
181	92	16
181	94	12
181	99	4
181	102	13
181	112	12
181	113	1
181	114	14
181	117	19
181	118	11
181	121	20
181	122	4
181	125	12
181	130	15
181	131	7
181	133	15
181	138	16
181	139	9
181	145	17
181	146	6
181	147	7
181	154	12
181	155	20
181	156	8
181	158	12
181	160	5
181	163	1
181	164	14
181	166	18
181	168	18
181	170	18
181	176	12
181	180	10
181	182	8
181	187	18
181	188	17
181	200	11
182	2	18
182	4	16
182	9	18
182	15	8
182	18	17
182	19	16
182	20	9
182	32	18
182	36	8
182	40	20
182	42	16
182	48	10
182	56	4
182	61	9
182	62	2
182	63	18
182	67	16
182	69	10
182	72	1
182	74	9
182	79	4
182	82	15
182	83	15
182	86	15
182	88	19
182	91	15
182	98	6
182	102	4
182	110	5
182	113	11
182	120	7
182	121	18
182	123	1
182	124	18
182	128	19
182	129	14
182	134	20
182	144	9
182	148	11
182	150	20
182	161	3
182	164	20
182	167	1
182	169	6
182	173	17
182	174	18
182	177	19
182	181	2
182	183	6
182	184	19
182	189	16
183	10	4
183	24	19
183	32	19
183	33	7
183	39	15
183	48	4
183	51	13
183	54	7
183	62	17
183	64	11
183	69	5
183	71	10
183	73	2
183	75	7
183	94	5
183	100	2
183	101	6
183	102	1
183	106	2
183	113	7
183	121	13
183	124	8
183	127	14
183	130	2
183	131	3
183	133	20
183	135	4
183	140	6
183	141	14
183	151	9
183	161	8
183	175	3
183	177	2
183	182	20
183	184	19
183	188	4
183	199	19
184	4	5
184	5	7
184	7	20
184	9	10
184	11	17
184	12	9
184	13	17
184	16	1
184	17	10
184	21	11
184	24	16
184	26	13
184	28	7
184	29	20
184	33	18
184	34	7
184	35	1
184	37	13
184	41	8
184	43	14
184	46	18
184	54	4
184	56	5
184	60	2
184	64	14
184	70	16
184	74	10
184	83	13
184	84	13
184	87	10
184	95	1
184	102	19
184	104	10
184	105	11
184	108	9
184	113	9
184	116	10
184	125	2
184	128	9
184	133	19
184	136	3
184	139	15
184	140	16
184	145	7
184	149	2
184	154	20
184	155	17
184	160	19
184	164	7
184	169	12
184	170	8
184	173	13
184	177	10
184	179	3
184	181	9
184	183	10
184	185	26
184	189	6
184	196	5
185	1	11
185	5	18
185	7	4
185	13	14
185	15	3
185	20	5
185	23	18
185	24	17
185	25	4
185	26	19
185	34	1
185	35	3
185	36	10
185	43	3
185	44	17
185	47	12
185	49	20
185	50	8
185	53	13
185	58	19
185	62	20
185	66	20
185	72	14
185	75	10
185	77	9
185	86	20
185	88	8
185	91	19
185	97	18
185	101	15
185	102	8
185	104	17
185	105	19
185	116	13
185	119	8
185	122	15
185	126	17
185	131	19
185	134	3
185	141	8
185	144	2
185	151	4
185	157	4
185	170	14
185	174	1
185	177	16
185	179	7
185	183	20
185	184	2
185	186	2
185	191	1
185	192	5
186	2	13
186	5	15
186	6	6
186	7	20
186	8	13
186	14	2
186	15	7
186	16	19
186	18	20
186	22	2
186	24	10
186	26	12
186	27	5
186	28	11
186	47	20
186	48	7
186	54	1
186	57	9
186	60	5
186	62	15
186	70	18
186	82	10
186	83	1
186	99	9
186	101	19
186	110	13
186	113	11
186	135	15
186	141	15
186	144	7
186	154	18
186	157	11
186	162	7
186	163	15
186	165	3
186	168	12
186	171	14
186	178	3
186	183	12
186	185	13
186	187	28
186	188	17
186	193	12
186	196	6
186	198	2
187	2	15
187	7	6
187	9	17
187	10	18
187	11	9
187	17	6
187	18	6
187	21	15
187	27	19
187	32	18
187	34	10
187	42	13
187	44	20
187	47	8
187	50	15
187	51	13
187	55	7
187	63	3
187	64	15
187	70	9
187	76	9
187	77	20
187	79	7
187	83	18
187	88	2
187	89	5
187	90	13
187	96	12
187	103	16
187	109	16
187	110	2
187	111	3
187	114	9
187	116	14
187	119	16
187	122	9
187	126	20
187	130	10
187	132	20
187	141	20
187	146	6
187	150	4
187	153	3
187	154	13
187	161	9
187	164	20
187	167	5
187	169	3
187	171	19
187	179	12
187	186	14
187	188	11
187	189	18
187	192	2
187	197	12
187	199	5
188	6	12
188	8	7
188	15	11
188	16	16
188	17	18
188	22	5
188	28	11
188	32	9
188	33	1
188	43	17
188	45	8
188	51	8
188	52	5
188	53	6
188	56	5
188	58	2
188	59	3
188	60	8
188	67	18
188	71	11
188	74	3
188	75	19
188	83	2
188	84	5
188	90	6
188	94	14
188	97	8
188	98	20
188	100	5
188	102	12
188	103	14
188	106	16
188	111	17
188	113	2
188	114	15
188	116	13
188	118	4
188	121	17
188	124	15
188	126	7
188	128	16
188	131	12
188	132	7
188	133	14
188	136	3
188	137	4
188	138	5
188	140	4
188	141	12
188	143	14
188	156	13
188	161	16
188	162	6
188	166	11
188	168	13
188	169	13
188	172	13
188	177	9
188	178	4
188	181	6
188	183	10
188	184	5
188	187	8
188	189	9
188	191	5
188	192	4
188	194	17
188	198	1
189	5	1
189	8	15
189	9	7
189	11	6
189	12	6
189	14	13
189	15	19
189	19	9
189	20	2
189	21	13
189	33	9
189	37	5
189	40	12
189	44	9
189	50	9
189	52	2
189	54	5
189	60	17
189	72	6
189	79	8
189	81	14
189	84	10
189	91	15
189	94	14
189	95	14
189	98	12
189	99	10
189	100	15
189	103	20
189	107	18
189	120	2
189	124	7
189	125	20
189	127	11
189	130	4
189	137	20
189	138	12
189	139	8
189	145	18
189	154	9
189	159	8
189	160	8
189	162	11
189	165	5
189	166	9
189	169	16
189	175	18
189	179	8
189	183	20
189	187	17
189	188	15
189	190	7
189	191	12
189	196	11
189	199	15
190	7	13
190	15	3
190	16	12
190	21	18
190	32	12
190	35	14
190	37	4
190	41	8
190	42	19
190	51	17
190	54	4
190	60	7
190	62	19
190	65	17
190	81	12
190	86	7
190	94	1
190	97	4
190	101	4
190	103	13
190	106	4
190	109	20
190	116	4
190	123	13
190	124	8
190	127	19
190	147	6
190	148	19
190	150	2
190	155	19
190	158	8
190	164	5
190	172	14
190	176	11
190	178	6
190	184	12
190	189	8
190	191	10
191	1	2
191	5	1
191	6	14
191	10	5
191	11	8
191	16	15
191	18	13
191	25	14
191	28	8
191	31	12
191	32	15
191	33	9
191	34	20
191	37	20
191	39	12
191	40	20
191	45	20
191	49	2
191	50	14
191	51	7
191	52	15
191	57	10
191	59	11
191	61	9
191	63	14
191	64	14
191	65	10
191	71	15
191	75	18
191	77	4
191	79	12
191	90	16
191	95	18
191	96	15
191	105	2
191	107	14
191	111	3
191	132	17
191	136	8
191	141	4
191	144	2
191	146	7
191	149	17
191	154	19
191	160	11
191	162	9
191	164	18
191	166	8
191	167	4
191	171	9
191	190	11
191	192	1
191	198	11
192	2	17
192	6	6
192	11	15
192	13	1
192	14	10
192	16	12
192	19	9
192	22	9
192	25	11
192	34	10
192	37	8
192	38	9
192	40	9
192	47	10
192	49	6
192	55	8
192	56	14
192	58	12
192	59	8
192	63	17
192	66	7
192	67	8
192	68	2
192	70	12
192	72	15
192	84	3
192	88	17
192	90	11
192	98	4
192	99	18
192	100	18
192	101	9
192	103	18
192	105	13
192	109	5
192	116	4
192	117	2
192	119	12
192	122	19
192	123	12
192	127	11
192	130	13
192	132	10
192	134	15
192	136	5
192	138	19
192	153	2
192	154	14
192	164	6
192	165	4
192	167	3
192	169	12
192	170	11
192	173	16
192	180	3
192	184	11
192	191	11
192	193	8
192	194	2
192	196	2
192	199	14
193	2	6
193	6	4
193	10	12
193	11	12
193	13	1
193	16	9
193	21	19
193	22	16
193	23	19
193	25	11
193	33	7
193	38	20
193	39	12
193	44	7
193	46	18
193	49	9
193	60	18
193	62	12
193	68	10
193	74	20
193	76	19
193	81	17
193	83	12
193	91	13
193	102	14
193	106	15
193	115	11
193	116	11
193	119	5
193	120	4
193	125	2
193	134	20
193	139	17
193	141	10
193	145	13
193	146	6
193	150	6
193	151	14
193	163	10
193	165	1
193	166	5
193	172	5
193	173	8
193	175	15
193	179	16
193	187	5
193	191	14
193	192	3
193	194	3
194	3	20
194	4	11
194	5	18
194	10	4
194	17	19
194	18	11
194	24	1
194	28	9
194	29	16
194	34	17
194	36	19
194	37	12
194	39	4
194	44	19
194	50	10
194	52	5
194	54	15
194	58	1
194	59	8
194	64	12
194	67	20
194	68	8
194	75	4
194	84	20
194	86	18
194	87	18
194	90	15
194	101	15
194	105	18
194	110	13
194	111	15
194	114	3
194	115	18
194	118	8
194	119	8
194	122	17
194	134	18
194	135	13
194	136	13
194	138	16
194	148	8
194	156	4
194	158	5
194	161	12
194	163	13
194	165	10
194	170	7
194	172	7
194	175	12
194	183	5
194	185	18
194	186	6
194	189	20
194	193	11
194	195	6
194	197	4
195	3	9
195	4	15
195	7	4
195	9	5
195	20	16
195	21	2
195	23	3
195	40	7
195	41	17
195	58	19
195	62	15
195	63	2
195	64	1
195	68	12
195	70	14
195	77	17
195	85	7
195	87	15
195	91	11
195	95	19
195	96	19
195	107	5
195	108	4
195	130	16
195	132	6
195	141	8
195	152	17
195	154	17
195	156	8
195	157	3
195	159	20
195	162	12
195	165	9
195	167	3
195	177	14
195	184	11
195	185	10
195	186	11
195	189	3
195	192	7
195	194	14
195	196	5
196	7	3
196	10	6
196	14	3
196	24	2
196	25	7
196	31	3
196	36	11
196	44	6
196	51	15
196	65	11
196	71	18
196	76	2
196	78	2
196	79	3
196	84	5
196	86	10
196	88	15
196	98	7
196	99	7
196	109	11
196	113	19
196	114	1
196	118	13
196	130	4
196	132	2
196	134	11
196	135	18
196	148	12
196	156	6
196	162	17
196	170	7
196	172	5
196	175	3
196	180	14
196	187	17
196	189	14
196	194	9
196	195	12
196	197	4
197	5	5
197	6	6
197	8	13
197	12	8
197	20	8
197	22	6
197	25	10
197	49	2
197	56	20
197	57	14
197	61	8
197	63	18
197	65	5
197	66	8
197	67	16
197	68	6
197	71	3
197	85	9
197	86	15
197	91	16
197	101	8
197	103	17
197	111	12
197	113	13
197	119	13
197	120	9
197	122	10
197	123	18
197	131	7
197	135	13
197	137	11
197	142	8
197	145	5
197	152	4
197	154	15
197	155	11
197	157	13
197	158	19
197	163	2
197	164	19
197	168	10
197	177	2
197	178	10
197	181	9
197	186	1
197	191	18
197	194	3
197	196	4
197	198	20
197	199	8
198	3	14
198	7	6
198	11	20
198	14	11
198	21	12
198	23	15
198	29	16
198	30	15
198	32	2
198	37	1
198	40	2
198	47	17
198	51	5
198	55	5
198	57	1
198	64	20
198	70	9
198	74	2
198	75	14
198	76	6
198	79	18
198	82	9
198	85	17
198	88	18
198	89	13
198	91	4
198	93	17
198	100	7
198	101	5
198	111	16
198	113	20
198	116	3
198	121	18
198	122	4
198	125	14
198	129	8
198	135	12
198	136	9
198	143	16
198	146	17
198	153	5
198	158	18
198	165	12
198	167	2
198	168	16
198	170	19
198	171	1
198	173	11
198	174	9
198	176	10
198	180	10
198	183	6
198	187	4
198	188	17
198	197	20
198	199	15
199	2	9
199	5	3
199	8	3
199	12	17
199	14	19
199	23	12
199	26	11
199	28	18
199	31	5
199	32	17
199	33	15
199	36	2
199	39	14
199	43	10
199	51	12
199	52	20
199	53	8
199	56	17
199	57	14
199	58	5
199	62	11
199	70	10
199	73	1
199	75	10
199	78	11
199	85	7
199	88	20
199	91	7
199	97	6
199	99	1
199	103	5
199	107	7
199	109	10
199	120	3
199	125	19
199	127	13
199	130	17
199	147	16
199	148	1
199	150	20
199	156	12
199	157	12
199	158	8
199	166	11
199	168	9
199	172	17
199	182	5
199	189	4
199	198	20
199	200	6
200	1	6
200	5	8
200	9	5
200	11	8
200	12	3
200	22	19
200	24	10
200	25	15
200	40	11
200	41	8
200	50	5
200	55	2
200	61	13
200	65	2
200	66	15
200	67	18
200	70	2
200	73	17
200	76	17
200	86	12
200	89	10
200	90	2
200	92	15
200	116	19
200	122	20
200	123	7
200	126	11
200	129	17
200	133	17
200	136	6
200	140	19
200	141	6
200	144	5
200	147	2
200	151	14
200	152	16
200	153	13
200	157	16
200	162	7
200	163	11
200	167	1
200	172	2
200	176	4
200	177	16
200	180	15
200	186	18
200	187	1
200	188	11
200	190	11
200	199	2
